0 0.118395 0.114481 0.068493 0.068493
0 0.543053 0.543053 0.769080 0.769080
0 0.381605 0.382583 0.508806 0.506849
0 0.500000 0.500978 0.620352 0.622309
0 0.187867 0.188845 0.086106 0.084149
0 0.325832 0.325832 0.354207 0.354207
0 0.502935 0.501957 0.074364 0.072407
0 0.422701 0.424658 0.035225 0.039139
0 0.556751 0.557730 0.279843 0.277886
0 0.285714 0.285714 0.387476 0.387476
0 0.667319 0.668297 0.477495 0.475538
0 0.333659 0.337573 0.256360 0.240705
0 0.468689 0.467710 0.491194 0.493151
0 0.608611 0.607632 0.227006 0.225049
0 0.816047 0.814090 0.136986 0.136986
0 0.692759 0.691781 0.000000 0.005871
