0 0.210372 0.212329 0.291585 0.287671
0 0.333659 0.333659 0.444227 0.444227
0 0.149706 0.151663 0.048924 0.052838
0 0.054795 0.056751 0.062622 0.066536
0 0.476517 0.468689 0.745597 0.745597
0 0.417808 0.419765 0.620352 0.616438
0 0.537182 0.538160 0.835616 0.833659
0 0.501957 0.501957 0.303327 0.303327
0 0.675147 0.671233 0.551859 0.575342
0 0.428571 0.430528 0.136986 0.133072
0 0.321918 0.324853 0.099804 0.101761
0 0.617417 0.631115 0.475538 0.479452
0 0.381605 0.383562 0.027397 0.023483
0 0.493151 0.493151 0.211350 0.211350
0 0.356164 0.352250 0.532290 0.540117
0 0.623288 0.624266 0.017613 0.019569
0 0.549902 0.549902 0.136986 0.125245
0 0.727006 0.730920 0.178082 0.189824
0 0.299413 0.295499 0.207436 0.215264
0 0.814090 0.814090 0.097847 0.097847
0 0.737769 0.735812 0.250489 0.250489
0 0.867906 0.864971 0.048924 0.043053
0 0.457926 0.457926 0.814090 0.814090
0 0.534247 0.533268 0.681018 0.679061
0 0.421722 0.424658 0.338552 0.328767
0 0.695695 0.684932 0.381605 0.360078
