0 0.450098 0.450098 0.684932 0.684932
0 0.481409 0.482387 0.821918 0.819961
0 0.423679 0.422701 0.639922 0.634051
0 0.108611 0.109589 0.091977 0.090020
0 0.303327 0.304305 0.469667 0.467710
0 0.550881 0.549902 0.424658 0.422701
0 0.415851 0.413894 0.146771 0.146771
0 0.358121 0.356164 0.078278 0.078278
0 0.277886 0.277886 0.152642 0.144814
0 0.611546 0.617417 0.502935 0.530333
0 0.667319 0.671233 0.168297 0.183953
0 0.363014 0.363992 0.369863 0.371820
0 0.498043 0.498043 0.217221 0.217221
0 0.551859 0.549902 0.035225 0.035225
0 0.337573 0.337573 0.573386 0.561644
0 0.604697 0.605675 0.054795 0.052838
0 0.730920 0.729941 0.201566 0.203523
0 0.881605 0.882583 0.119374 0.117417
0 0.554795 0.555773 0.526419 0.528376
0 0.597847 0.598826 0.432485 0.434442
0 0.776908 0.777886 0.086106 0.088063
0 0.827789 0.828767 0.027397 0.025440
