0 0.139922 0.144814 0.045010 0.035225
0 0.259295 0.258317 0.213307 0.215264
0 0.486301 0.487280 0.706458 0.704501
0 0.551859 0.552838 0.818004 0.816047
0 0.302348 0.303327 0.369863 0.367906
0 0.269080 0.269080 0.213307 0.213307
0 0.647750 0.648728 0.516634 0.514677
0 0.349315 0.348337 0.048924 0.046967
0 0.574364 0.575342 0.334638 0.336595
0 0.483366 0.484344 0.234834 0.232877
0 0.370841 0.371820 0.471624 0.473581
0 0.439335 0.440313 0.350294 0.352250
0 0.702544 0.703523 0.176125 0.174168
0 0.639922 0.640900 0.031311 0.029354
0 0.500978 0.502935 0.246575 0.250489
0 0.908023 0.913894 0.011742 0.007828
0 0.711350 0.712329 0.322896 0.324853
0 0.874755 0.875734 0.035225 0.037182
0 0.759295 0.760274 0.215264 0.217221
0 0.535225 0.536204 0.643836 0.645793
