0 0.208415 0.205479 0.272016 0.281800
0 0.339530 0.356164 0.577299 0.610568
0 0.446184 0.443249 0.825832 0.831703
0 0.380626 0.379648 0.064579 0.062622
0 0.589041 0.590020 0.520548 0.518591
0 0.232877 0.231898 0.230920 0.228963
0 0.311155 0.312133 0.066536 0.064579
0 0.555773 0.559687 0.438356 0.438356
0 0.342466 0.343444 0.528376 0.526419
0 0.795499 0.794521 0.322896 0.328767
0 0.400196 0.404110 0.405088 0.389432
0 0.500978 0.507828 0.199609 0.178082
0 0.630137 0.630137 0.148728 0.148728
0 0.613503 0.611546 0.001957 0.005871
0 0.590020 0.593933 0.577299 0.577299
0 0.859100 0.863014 0.058708 0.046967
0 0.520548 0.523483 0.731898 0.726027
