0 0.454012 0.453033 0.649706 0.647750
0 0.493151 0.493151 0.798434 0.802348
0 0.116438 0.116438 0.025440 0.025440
0 0.324853 0.325832 0.430528 0.432485
0 0.272994 0.270059 0.350294 0.348337
0 0.167319 0.167319 0.115460 0.115460
0 0.550881 0.547945 0.416830 0.414873
0 0.479452 0.472603 0.258317 0.244618
0 0.616438 0.620352 0.598826 0.602740
0 0.402153 0.404110 0.103718 0.111546
0 0.262231 0.262231 0.168297 0.168297
0 0.637965 0.643836 0.148728 0.160470
0 0.577299 0.572407 0.007828 0.017613
0 0.302348 0.303327 0.530333 0.532290
0 0.404110 0.402153 0.315068 0.318982
0 0.749511 0.747554 0.320939 0.320939
0 0.655577 0.656556 0.277886 0.279843
0 0.877691 0.876712 0.166341 0.168297
0 0.753425 0.753425 0.097847 0.097847
0 0.525440 0.516634 0.647750 0.590998
0 0.582192 0.583170 0.444227 0.438356
0 0.334638 0.335616 0.015656 0.021526
