0 0.292564 0.292564 0.471624 0.479452
0 0.342466 0.347358 0.571429 0.561644
0 0.442270 0.436399 0.786693 0.778865
0 0.231898 0.253425 0.311155 0.358121
0 0.104697 0.102740 0.017613 0.021526
0 0.146771 0.151663 0.168297 0.174168
0 0.535225 0.553816 0.483366 0.497065
0 0.503914 0.503914 0.385519 0.385519
0 0.183953 0.184932 0.305284 0.295499
0 0.500000 0.500978 0.045010 0.046967
0 0.639922 0.631115 0.254403 0.240705
0 0.546967 0.550881 0.091977 0.084149
0 0.309198 0.310176 0.481409 0.483366
0 0.449119 0.449119 0.639922 0.639922
0 0.670254 0.669276 0.162427 0.172211
0 0.512720 0.516634 0.493151 0.504892
0 0.599804 0.601761 0.330724 0.334638
