0 0.278865 0.278865 0.538160 0.542074
0 0.130137 0.130137 0.213307 0.213307
0 0.208415 0.211350 0.397260 0.391389
0 0.364971 0.351272 0.162427 0.158513
0 0.237769 0.237769 0.080235 0.076321
0 0.384540 0.381605 0.205479 0.219178
0 0.574364 0.574364 0.600783 0.600783
0 0.590020 0.590020 0.671233 0.671233
0 0.226027 0.227006 0.201566 0.191781
0 0.582192 0.581213 0.150685 0.152642
0 0.738748 0.737769 0.495108 0.497065
0 0.354207 0.356164 0.285714 0.289628
0 0.417808 0.417808 0.170254 0.170254
0 0.496086 0.493151 0.037182 0.031311
0 0.470646 0.474560 0.420744 0.428571
0 0.656556 0.661448 0.088063 0.078278
0 0.501957 0.494129 0.467710 0.475538
0 0.828767 0.827789 0.201566 0.203523
0 0.640900 0.638943 0.303327 0.303327
0 0.771037 0.772994 0.011742 0.011742
0 0.365949 0.368885 0.716243 0.710372
