0 0.272016 0.273973 0.348337 0.356164
0 0.496086 0.496086 0.819961 0.819961
0 0.136008 0.143836 0.029354 0.009785
0 0.178082 0.184932 0.121331 0.099804
0 0.467710 0.466732 0.681018 0.679061
0 0.351272 0.352250 0.522505 0.520548
0 0.264188 0.265166 0.160470 0.158513
0 0.437378 0.438356 0.193738 0.191781
0 0.174168 0.175147 0.277886 0.279843
0 0.418787 0.420744 0.371820 0.360078
0 0.693738 0.694716 0.232877 0.230920
0 0.382583 0.380626 0.420744 0.416830
0 0.629159 0.622309 0.060665 0.046967
0 0.314090 0.315068 0.518591 0.520548
0 0.490215 0.485323 0.197652 0.187867
0 0.467710 0.468689 0.708415 0.710372
0 0.842466 0.840509 0.005871 0.009785
0 0.670254 0.671233 0.342466 0.344423
0 0.759295 0.760274 0.156556 0.158513
0 0.517613 0.518591 0.592955 0.594912
