0 0.351272 0.350294 0.636008 0.634051
0 0.281800 0.282779 0.485323 0.487280
0 0.139922 0.139922 0.185910 0.189824
0 0.195695 0.195695 0.332681 0.332681
0 0.443249 0.452055 0.804305 0.818004
0 0.599804 0.583170 0.573386 0.587084
0 0.194716 0.181996 0.189824 0.195695
0 0.260274 0.260274 0.078278 0.074364
0 0.352250 0.352250 0.078278 0.078278
0 0.417808 0.417808 0.279843 0.279843
0 0.371820 0.371820 0.348337 0.336595
0 0.616438 0.612524 0.156556 0.172211
0 0.690802 0.681018 0.297456 0.317025
0 0.415851 0.422701 0.170254 0.156556
0 0.299413 0.298434 0.457926 0.455969
0 0.709393 0.714286 0.060665 0.046967
0 0.489237 0.489237 0.551859 0.551859
0 0.663405 0.657534 0.199609 0.187867
0 0.841487 0.838552 0.191781 0.185910
0 0.792564 0.791585 0.074364 0.076321
0 0.436399 0.437378 0.684932 0.671233
0 0.542074 0.543053 0.399217 0.401174
