0 0.787671 0.792564 0.197652 0.203523
0 0.311155 0.308219 0.273973 0.272016
0 0.090998 0.093933 0.119374 0.113503
0 0.535225 0.535225 0.761252 0.761252
0 0.489237 0.489237 0.622309 0.618395
0 0.268102 0.268102 0.113503 0.113503
0 0.419765 0.420744 0.487280 0.485323
0 0.204501 0.205479 0.072407 0.070450
0 0.397260 0.392368 0.003914 0.005871
0 0.542074 0.541096 0.234834 0.240705
0 0.611546 0.616438 0.377691 0.391389
0 0.338552 0.337573 0.199609 0.193738
0 0.683953 0.684932 0.095890 0.093933
0 0.622309 0.629159 0.039139 0.033268
0 0.417808 0.417808 0.502935 0.506849
0 0.750489 0.752446 0.221135 0.217221
0 0.466732 0.468689 0.401174 0.405088
0 0.651663 0.654599 0.497065 0.440313
0 0.548924 0.552838 0.710372 0.714286
0 0.869863 0.872798 0.068493 0.050881
0 0.562622 0.558708 0.581213 0.589041
0 0.793542 0.784736 0.166341 0.164384
