0 0.285714 0.292564 0.367906 0.381605
0 0.484344 0.482387 0.804305 0.804305
0 0.169276 0.176125 0.181996 0.183953
0 0.396282 0.396282 0.628180 0.628180
0 0.090998 0.089041 0.029354 0.025440
0 0.342466 0.348337 0.528376 0.528376
0 0.308219 0.305284 0.001957 0.000000
0 0.471624 0.470646 0.309198 0.307241
0 0.485323 0.489237 0.270059 0.305284
0 0.411937 0.411937 0.135029 0.135029
0 0.244618 0.238748 0.203523 0.207436
0 0.621331 0.616438 0.600783 0.606654
0 0.573386 0.573386 0.454012 0.454012
0 0.573386 0.572407 0.031311 0.029354
0 0.612524 0.618395 0.078278 0.093933
0 0.335616 0.335616 0.506849 0.491194
0 0.719178 0.721135 0.307241 0.303327
0 0.398239 0.405088 0.354207 0.352250
0 0.754403 0.755382 0.045010 0.035225
0 0.670254 0.670254 0.236791 0.232877
0 0.445205 0.448141 0.722114 0.712329
0 0.605675 0.611546 0.385519 0.358121
0 0.826810 0.825832 0.123288 0.125245
0 0.526419 0.526419 0.465753 0.465753
