0 0.273973 0.272994 0.340509 0.342466
0 0.180039 0.181018 0.187867 0.185910
0 0.462818 0.463796 0.710372 0.712329
0 0.408023 0.404110 0.565558 0.565558
0 0.533268 0.534247 0.843444 0.841487
0 0.267123 0.262231 0.158513 0.164384
0 0.202544 0.203523 0.252446 0.254403
0 0.477495 0.473581 0.191781 0.180039
0 0.604697 0.595890 0.489237 0.471624
0 0.525440 0.527397 0.322896 0.318982
0 0.565558 0.573386 0.105675 0.105675
0 0.637965 0.638943 0.097847 0.095890
0 0.786693 0.780822 0.289628 0.301370
0 0.715264 0.716243 0.236791 0.234834
0 0.599804 0.599804 0.502935 0.502935
0 0.698630 0.695695 0.352250 0.346380
0 0.459883 0.460861 0.759295 0.761252
0 0.533268 0.535225 0.698630 0.694716
0 0.900196 0.902153 0.050881 0.054795
0 0.771037 0.772016 0.238748 0.240705
