0 0.293542 0.296477 0.450098 0.448141
0 0.373777 0.380626 0.563601 0.573386
0 0.415851 0.414873 0.193738 0.195695
0 0.242661 0.240705 0.285714 0.293542
0 0.170254 0.170254 0.113503 0.113503
0 0.567515 0.566536 0.454012 0.455969
0 0.298434 0.299413 0.052838 0.054795
0 0.369863 0.370841 0.011742 0.021526
0 0.527397 0.523483 0.389432 0.393346
0 0.758317 0.759295 0.318982 0.320939
0 0.542074 0.541096 0.121331 0.119374
0 0.351272 0.355186 0.401174 0.409002
0 0.711350 0.709393 0.091977 0.091977
0 0.644814 0.654599 0.244618 0.252446
0 0.534247 0.533268 0.504892 0.502935
