0 0.319961 0.318004 0.393346 0.397260
0 0.397260 0.395303 0.575342 0.579256
0 0.454012 0.454012 0.681018 0.681018
0 0.201566 0.200587 0.262231 0.260274
0 0.422701 0.436399 0.152642 0.183953
0 0.495108 0.495108 0.348337 0.348337
0 0.591977 0.592955 0.514677 0.516634
0 0.355186 0.357143 0.052838 0.056751
0 0.297456 0.302348 0.109589 0.099804
0 0.671233 0.671233 0.203523 0.203523
0 0.607632 0.607632 0.037182 0.013699
0 0.383562 0.394325 0.399217 0.397260
0 0.452055 0.451076 0.293542 0.291585
0 0.315068 0.318004 0.567515 0.557730
0 0.755382 0.753425 0.383562 0.391389
0 0.831703 0.831703 0.074364 0.097847
0 0.636008 0.636008 0.313112 0.297456
0 0.569472 0.569472 0.469667 0.469667
