0 0.233855 0.229941 0.213307 0.221135
0 0.364971 0.360078 0.428571 0.430528
0 0.252446 0.249511 0.140900 0.135029
0 0.057730 0.062622 0.048924 0.050881
0 0.184932 0.187867 0.076321 0.082192
0 0.308219 0.308219 0.013699 0.017613
0 0.402153 0.397260 0.119374 0.117417
0 0.598826 0.598826 0.508806 0.508806
0 0.292564 0.292564 0.318982 0.318982
0 0.292564 0.294521 0.545988 0.538160
0 0.663405 0.663405 0.172211 0.172211
0 0.503914 0.502935 0.812133 0.821918
0 0.536204 0.536204 0.544031 0.544031
0 0.458904 0.458904 0.671233 0.671233
0 0.793542 0.806262 0.001957 0.019569
0 0.850294 0.857143 0.103718 0.117417
0 0.644814 0.647750 0.287671 0.277886
0 0.575342 0.572407 0.461840 0.459883
0 0.753425 0.751468 0.109589 0.105675
0 0.582192 0.582192 0.060665 0.060665
0 0.542074 0.536204 0.403131 0.399217
0 0.488258 0.492172 0.303327 0.315068
