0 0.171233 0.172211 0.221135 0.230920
0 0.485323 0.490215 0.833659 0.843444
0 0.058708 0.059687 0.011742 0.005871
0 0.299413 0.299413 0.046967 0.046967
0 0.118395 0.118395 0.127202 0.127202
0 0.324853 0.324853 0.070450 0.070450
0 0.613503 0.613503 0.221135 0.221135
0 0.200587 0.201566 0.225049 0.215264
0 0.415851 0.414873 0.240705 0.242661
0 0.518591 0.518591 0.457926 0.457926
0 0.548924 0.548924 0.561644 0.561644
0 0.741683 0.739726 0.473581 0.469667
0 0.292564 0.292564 0.448141 0.448141
0 0.483366 0.482387 0.078278 0.068493
0 0.559687 0.559687 0.046967 0.046967
0 0.699609 0.699609 0.029354 0.029354
0 0.448141 0.448141 0.504892 0.504892
0 0.363992 0.363014 0.677104 0.671233
0 0.765166 0.765166 0.125245 0.125245
0 0.568493 0.568493 0.225049 0.225049
