0 0.136986 0.137965 0.136986 0.135029
0 0.327789 0.326810 0.272016 0.266145
0 0.417808 0.419765 0.405088 0.409002
0 0.212329 0.212329 0.021526 0.017613
0 0.269080 0.269080 0.135029 0.115460
0 0.560665 0.559687 0.698630 0.684932
0 0.556751 0.561644 0.236791 0.246575
0 0.625245 0.626223 0.385519 0.383562
0 0.318982 0.307241 0.246575 0.262231
0 0.401174 0.401174 0.043053 0.046967
0 0.272994 0.266145 0.405088 0.360078
0 0.469667 0.465753 0.387476 0.391389
0 0.751468 0.752446 0.180039 0.178082
0 0.696673 0.698630 0.023483 0.039139
0 0.697652 0.697652 0.381605 0.381605
0 0.863992 0.862035 0.084149 0.064579
