0 0.263209 0.260274 0.510763 0.504892
0 0.381605 0.381605 0.708415 0.708415
0 0.127202 0.129159 0.078278 0.090020
0 0.363992 0.363014 0.653620 0.655577
0 0.250489 0.250489 0.011742 0.011742
0 0.544031 0.541096 0.497065 0.499022
0 0.361057 0.360078 0.064579 0.070450
0 0.413894 0.418787 0.311155 0.332681
0 0.500000 0.502935 0.064579 0.066536
0 0.345401 0.341487 0.346380 0.346380
0 0.604697 0.606654 0.645793 0.661448
0 0.764188 0.762231 0.393346 0.401174
0 0.432485 0.437378 0.191781 0.178082
0 0.600783 0.600783 0.172211 0.172211
0 0.671233 0.676125 0.258317 0.295499
0 0.564579 0.562622 0.444227 0.444227
0 0.415851 0.417808 0.741683 0.737769
0 0.692759 0.687867 0.238748 0.248532
0 0.659491 0.659491 0.281800 0.277886
0 0.522505 0.521526 0.532290 0.534247
