0 0.496086 0.500978 0.639922 0.630137
0 0.543053 0.543053 0.718200 0.722114
0 0.246575 0.247554 0.176125 0.174168
0 0.167319 0.168297 0.052838 0.050881
0 0.308219 0.315068 0.295499 0.305284
0 0.563601 0.564579 0.289628 0.299413
0 0.363992 0.368885 0.152642 0.127202
0 0.628180 0.629159 0.477495 0.475538
0 0.270059 0.271037 0.273973 0.275930
0 0.481409 0.484344 0.082192 0.099804
0 0.740705 0.741683 0.189824 0.187867
0 0.424658 0.425636 0.438356 0.440313
0 0.519569 0.518591 0.334638 0.332681
0 0.341487 0.342466 0.632094 0.634051
0 0.836595 0.837573 0.127202 0.129159
0 0.917808 0.918787 0.035225 0.033268
0 0.674168 0.675147 0.440313 0.442270
0 0.761252 0.762231 0.317025 0.318982
