0 0.258317 0.263209 0.348337 0.346380
0 0.066536 0.080235 0.007828 0.019569
0 0.327789 0.322896 0.444227 0.442270
0 0.081213 0.075342 0.001957 0.009785
0 0.615460 0.614481 0.510763 0.508806
0 0.433464 0.431507 0.068493 0.080235
0 0.356164 0.359100 0.043053 0.037182
0 0.232877 0.233855 0.332681 0.299413
0 0.524462 0.524462 0.258317 0.262231
0 0.577299 0.567515 0.136986 0.156556
0 0.692759 0.689824 0.086106 0.076321
0 0.396282 0.401174 0.412916 0.391389
0 0.726027 0.727006 0.250489 0.248532
0 0.906067 0.901174 0.023483 0.029354
0 0.694716 0.695695 0.352250 0.354207
0 0.638943 0.629159 0.522505 0.526419
