0 0.213307 0.212329 0.140900 0.142857
0 0.347358 0.346380 0.365949 0.379648
0 0.144814 0.143836 0.003914 0.005871
0 0.265166 0.264188 0.185910 0.183953
0 0.385519 0.384540 0.019569 0.021526
0 0.443249 0.442270 0.197652 0.199609
0 0.704501 0.705479 0.238748 0.248532
0 0.640900 0.640900 0.123288 0.119374
0 0.476517 0.476517 0.170254 0.170254
0 0.514677 0.523483 0.093933 0.084149
0 0.587084 0.586106 0.031311 0.033268
0 0.415851 0.414873 0.393346 0.391389
0 0.532290 0.533268 0.500978 0.491194
0 0.846380 0.851272 0.111546 0.121331
0 0.419765 0.420744 0.733855 0.727984
0 0.479452 0.479452 0.594912 0.594912
