0 0.175147 0.177104 0.025440 0.017613
0 0.132094 0.129159 0.095890 0.093933
0 0.343444 0.345401 0.330724 0.322896
0 0.531311 0.531311 0.675147 0.679061
0 0.422701 0.424658 0.430528 0.434442
0 0.289628 0.286693 0.164384 0.170254
0 0.340509 0.340509 0.121331 0.121331
0 0.284736 0.284736 0.295499 0.295499
0 0.481409 0.481409 0.133072 0.133072
0 0.458904 0.459883 0.322896 0.324853
0 0.416830 0.421722 0.477495 0.471624
0 0.555773 0.564579 0.215264 0.209393
0 0.790607 0.792564 0.301370 0.297456
0 0.675147 0.673190 0.074364 0.082192
0 0.596869 0.612524 0.133072 0.093933
0 0.914873 0.915851 0.072407 0.058708
0 0.600783 0.602740 0.630137 0.630137
0 0.497065 0.498043 0.739726 0.741683
0 0.717221 0.708415 0.389432 0.407045
0 0.660470 0.659491 0.455969 0.457926
0 0.837573 0.834638 0.215264 0.221135
