0 0.395303 0.394325 0.555773 0.553816
0 0.094912 0.095890 0.021526 0.023483
0 0.332681 0.335616 0.430528 0.444227
0 0.547945 0.547945 0.876712 0.876712
0 0.298434 0.298434 0.287671 0.287671
0 0.493151 0.493151 0.681018 0.684932
0 0.220157 0.215264 0.099804 0.117417
0 0.280822 0.281800 0.107632 0.109589
0 0.404110 0.413894 0.217221 0.236791
0 0.368885 0.355186 0.095890 0.064579
0 0.622309 0.623288 0.575342 0.573386
0 0.337573 0.339530 0.455969 0.448141
0 0.731898 0.729941 0.297456 0.301370
0 0.293542 0.294521 0.567515 0.561644
0 0.663405 0.661448 0.219178 0.215264
0 0.583170 0.578278 0.062622 0.052838
0 0.685910 0.688845 0.256360 0.246575
0 0.758317 0.757339 0.084149 0.078278
0 0.875734 0.874755 0.088063 0.097847
0 0.454012 0.465753 0.704501 0.684932
0 0.573386 0.576321 0.461840 0.463796
