0 0.093933 0.093933 0.031311 0.031311
0 0.177104 0.175147 0.095890 0.099804
0 0.266145 0.266145 0.183953 0.191781
0 0.370841 0.362035 0.444227 0.461840
0 0.225049 0.225049 0.191781 0.195695
0 0.431507 0.433464 0.185910 0.181996
0 0.626223 0.627202 0.567515 0.565558
0 0.327789 0.328767 0.005871 0.003914
0 0.481409 0.480431 0.270059 0.268102
0 0.490215 0.490215 0.158513 0.158513
0 0.355186 0.354207 0.424658 0.426614
0 0.424658 0.419765 0.332681 0.322896
0 0.706458 0.706458 0.293542 0.293542
0 0.643836 0.644814 0.140900 0.135029
0 0.485323 0.479452 0.641879 0.649706
0 0.816047 0.819961 0.003914 0.003914
0 0.706458 0.699609 0.199609 0.197652
0 0.536204 0.535225 0.540117 0.542074
0 0.421722 0.420744 0.819961 0.810176
0 0.742661 0.743640 0.107632 0.105675
0 0.517613 0.516634 0.776908 0.774951
0 0.507828 0.510763 0.318982 0.324853
0 0.566536 0.566536 0.041096 0.041096
