0 0.136008 0.135029 0.174168 0.172211
0 0.275930 0.274951 0.438356 0.440313
0 0.483366 0.481409 0.802348 0.802348
0 0.360078 0.359100 0.665362 0.671233
0 0.537182 0.536204 0.412916 0.410959
0 0.616438 0.617417 0.626223 0.628180
0 0.520548 0.520548 0.352250 0.360078
0 0.233855 0.244618 0.166341 0.148728
0 0.335616 0.339530 0.005871 0.005871
0 0.545988 0.547945 0.046967 0.046967
0 0.430528 0.438356 0.399217 0.379648
0 0.661448 0.659491 0.148728 0.144814
0 0.517613 0.516634 0.127202 0.129159
0 0.743640 0.741683 0.336595 0.332681
0 0.338552 0.360078 0.512720 0.493151
0 0.886497 0.870841 0.074364 0.023483
0 0.481409 0.498043 0.767123 0.733855
0 0.609589 0.617417 0.589041 0.577299
0 0.798434 0.799413 0.254403 0.256360
