0 0.223092 0.221135 0.238748 0.238748
0 0.074364 0.076321 0.058708 0.054795
0 0.351272 0.346380 0.444227 0.434442
0 0.318004 0.318004 0.401174 0.405088
0 0.181018 0.180039 0.150685 0.148728
0 0.456947 0.454990 0.138943 0.142857
0 0.286693 0.285714 0.178082 0.176125
0 0.497065 0.502935 0.293542 0.301370
0 0.678082 0.675147 0.103718 0.097847
0 0.448141 0.448141 0.371820 0.371820
0 0.590020 0.590020 0.115460 0.115460
0 0.725049 0.725049 0.248532 0.248532
0 0.715264 0.714286 0.409002 0.395303
0 0.641879 0.639922 0.489237 0.473581
0 0.869863 0.872798 0.009785 0.015656
0 0.546967 0.549902 0.628180 0.622309
0 0.486301 0.485323 0.804305 0.802348
0 0.818004 0.818004 0.156556 0.156556
