0 0.178082 0.178082 0.183953 0.183953
0 0.426614 0.425636 0.751468 0.753425
0 0.590020 0.590020 0.189824 0.189824
0 0.304305 0.304305 0.463796 0.471624
0 0.512720 0.513699 0.896282 0.902153
0 0.023483 0.025440 0.043053 0.046967
0 0.234834 0.233855 0.352250 0.354207
0 0.152642 0.159491 0.203523 0.201566
0 0.112524 0.112524 0.119374 0.119374
0 0.362035 0.362035 0.195695 0.195695
0 0.489237 0.492172 0.399217 0.409002
0 0.208415 0.195695 0.123288 0.144814
0 0.435421 0.435421 0.091977 0.091977
0 0.373777 0.373777 0.199609 0.199609
0 0.690802 0.690802 0.301370 0.301370
0 0.307241 0.307241 0.391389 0.391389
0 0.520548 0.519569 0.050881 0.052838
0 0.419765 0.419765 0.499022 0.499022
0 0.818004 0.817025 0.230920 0.236791
0 0.552838 0.552838 0.279843 0.279843
0 0.414873 0.414873 0.563601 0.563601
0 0.775930 0.775930 0.150685 0.150685
0 0.685910 0.685910 0.021526 0.021526
0 0.377691 0.377691 0.602740 0.602740
