0 0.530333 0.532290 0.677104 0.669276
0 0.177104 0.178082 0.029354 0.031311
0 0.369863 0.368885 0.266145 0.268102
0 0.292564 0.294521 0.115460 0.127202
0 0.297456 0.299413 0.254403 0.262231
0 0.343444 0.350294 0.142857 0.160470
0 0.560665 0.566536 0.291585 0.275930
0 0.452055 0.454012 0.039139 0.031311
0 0.233855 0.235812 0.373777 0.377691
0 0.785714 0.785714 0.260274 0.264188
0 0.456947 0.466732 0.405088 0.405088
0 0.674168 0.685910 0.045010 0.037182
0 0.395303 0.392368 0.512720 0.526419
0 0.478474 0.488258 0.788650 0.792564
0 0.519569 0.520548 0.275930 0.273973
