0 0.199609 0.199609 0.270059 0.270059
0 0.054795 0.053816 0.035225 0.033268
0 0.610568 0.610568 0.520548 0.520548
0 0.193738 0.194716 0.223092 0.225049
0 0.271037 0.272016 0.107632 0.101761
0 0.369863 0.372798 0.031311 0.037182
0 0.420744 0.421722 0.223092 0.221135
0 0.500978 0.501957 0.375734 0.373777
0 0.293542 0.294521 0.493151 0.495108
0 0.462818 0.464775 0.181996 0.185910
0 0.704501 0.705479 0.285714 0.283757
0 0.634051 0.635029 0.160470 0.158513
0 0.483366 0.488258 0.641879 0.651663
0 0.602740 0.601761 0.473581 0.471624
0 0.829746 0.830724 0.019569 0.017613
0 0.895303 0.896282 0.131115 0.129159
0 0.645793 0.646771 0.317025 0.318982
