0 0.157534 0.159491 0.033268 0.037182
0 0.303327 0.304305 0.219178 0.213307
0 0.544031 0.544031 0.598826 0.598826
0 0.261252 0.260274 0.025440 0.023483
0 0.448141 0.450098 0.446184 0.461840
0 0.373777 0.392368 0.297456 0.330724
0 0.685910 0.686888 0.542074 0.536204
0 0.280822 0.282779 0.322896 0.326810
0 0.553816 0.570450 0.223092 0.244618
0 0.510763 0.516634 0.152642 0.156556
0 0.665362 0.664384 0.407045 0.405088
0 0.388454 0.392368 0.131115 0.115460
0 0.343444 0.342466 0.240705 0.234834
0 0.672211 0.689824 0.001957 0.037182
0 0.550881 0.545010 0.252446 0.248532
0 0.517613 0.512720 0.334638 0.332681
0 0.488258 0.489237 0.839530 0.837573
0 0.679061 0.678082 0.430528 0.436399
0 0.769080 0.771037 0.297456 0.293542
0 0.563601 0.563601 0.724070 0.720157
0 0.620352 0.620352 0.567515 0.587084
0 0.911937 0.910959 0.003914 0.017613
0 0.751468 0.749511 0.164384 0.168297
0 0.777886 0.775930 0.225049 0.225049
