0 0.337573 0.337573 0.197652 0.174168
0 0.491194 0.491194 0.567515 0.567515
0 0.227984 0.229941 0.021526 0.013699
0 0.168297 0.168297 0.168297 0.172211
0 0.445205 0.448141 0.459883 0.454012
0 0.320939 0.321918 0.246575 0.240705
0 0.690802 0.666341 0.473581 0.416830
0 0.386497 0.388454 0.131115 0.135029
0 0.245597 0.244618 0.381605 0.387476
0 0.607632 0.606654 0.209393 0.219178
0 0.753425 0.751468 0.152642 0.148728
0 0.359100 0.360078 0.632094 0.637965
0 0.436399 0.436399 0.465753 0.481409
0 0.561644 0.571429 0.219178 0.215264
0 0.818004 0.818004 0.281800 0.258317
0 0.717221 0.717221 0.103718 0.103718
0 0.473581 0.473581 0.383562 0.391389
0 0.881605 0.883562 0.025440 0.033268
0 0.528376 0.529354 0.731898 0.733855
0 0.721135 0.720157 0.436399 0.434442
0 0.643836 0.645793 0.587084 0.575342
