0 0.406067 0.407045 0.616438 0.618395
0 0.235812 0.237769 0.201566 0.201566
0 0.350294 0.350294 0.481409 0.481409
0 0.460861 0.460861 0.722114 0.722114
0 0.321918 0.318982 0.318982 0.324853
0 0.153620 0.153620 0.017613 0.017613
0 0.516634 0.522505 0.332681 0.340509
0 0.446184 0.445205 0.160470 0.158513
0 0.206458 0.207436 0.307241 0.309198
0 0.321918 0.318982 0.084149 0.078278
0 0.267123 0.268102 0.279843 0.277886
0 0.688845 0.688845 0.187867 0.187867
0 0.487280 0.487280 0.199609 0.199609
0 0.588063 0.584149 0.017613 0.013699
0 0.422701 0.423679 0.356164 0.350294
0 0.749511 0.747554 0.320939 0.324853
0 0.610568 0.611546 0.090020 0.091977
0 0.773973 0.794521 0.123288 0.058708
0 0.543053 0.543053 0.518591 0.518591
0 0.688845 0.690802 0.246575 0.250489
0 0.648728 0.647750 0.358121 0.356164
0 0.524462 0.524462 0.618395 0.614481
0 0.432485 0.436399 0.825832 0.810176
0 0.386497 0.386497 0.041096 0.041096
0 0.376712 0.373777 0.467710 0.461840
