0 0.387476 0.389432 0.481409 0.489237
0 0.263209 0.263209 0.193738 0.193738
0 0.488258 0.488258 0.291585 0.291585
0 0.277886 0.273973 0.129159 0.129159
0 0.423679 0.423679 0.166341 0.166341
0 0.629159 0.629159 0.565558 0.565558
0 0.479452 0.479452 0.176125 0.176125
0 0.623288 0.625245 0.119374 0.127202
0 0.705479 0.706458 0.252446 0.258317
0 0.787671 0.786693 0.029354 0.031311
0 0.665362 0.665362 0.258317 0.250489
0 0.873777 0.874755 0.174168 0.180039
0 0.384540 0.386497 0.765166 0.769080
0 0.595890 0.594912 0.369863 0.367906
0 0.513699 0.520548 0.518591 0.520548
0 0.473581 0.473581 0.602740 0.602740
