0 0.225049 0.225049 0.254403 0.254403
0 0.324853 0.325832 0.410959 0.416830
0 0.154599 0.154599 0.078278 0.086106
0 0.467710 0.471624 0.727984 0.735812
0 0.370841 0.369863 0.596869 0.590998
0 0.540117 0.540117 0.328767 0.324853
0 0.376712 0.364971 0.017613 0.041096
0 0.473581 0.473581 0.160470 0.164384
0 0.216243 0.217221 0.279843 0.270059
0 0.630137 0.631115 0.508806 0.526419
0 0.421722 0.415851 0.467710 0.475538
0 0.533268 0.535225 0.197652 0.193738
0 0.764188 0.762231 0.299413 0.287671
0 0.881605 0.881605 0.017613 0.017613
0 0.494129 0.491194 0.718200 0.712329
0 0.753425 0.753425 0.301370 0.301370
0 0.834638 0.836595 0.174168 0.178082
