0 0.389432 0.388454 0.504892 0.502935
0 0.451076 0.452055 0.694716 0.692759
0 0.112524 0.109589 0.068493 0.066536
0 0.555773 0.554795 0.786693 0.792564
0 0.261252 0.265166 0.318982 0.311155
0 0.213307 0.215264 0.340509 0.336595
0 0.402153 0.406067 0.009785 0.005871
0 0.350294 0.349315 0.133072 0.131115
0 0.600783 0.598826 0.367906 0.371820
0 0.396282 0.390411 0.506849 0.522505
0 0.642857 0.641879 0.001957 0.003914
0 0.456947 0.459883 0.358121 0.360078
0 0.850294 0.850294 0.123288 0.127202
0 0.735812 0.739726 0.297456 0.293542
0 0.677104 0.679061 0.465753 0.469667
0 0.643836 0.647750 0.594912 0.583170
0 0.513699 0.509785 0.745597 0.749511
