0 0.290607 0.302348 0.072407 0.107632
0 0.268102 0.268102 0.035225 0.035225
0 0.175147 0.175147 0.158513 0.158513
0 0.283757 0.283757 0.317025 0.317025
0 0.385519 0.385519 0.176125 0.176125
0 0.441292 0.441292 0.064579 0.064579
0 0.361057 0.361057 0.686888 0.686888
0 0.120352 0.120352 0.193738 0.193738
0 0.467710 0.464775 0.892368 0.890411
0 0.230920 0.230920 0.363992 0.363992
0 0.535225 0.535225 0.545988 0.549902
0 0.368885 0.368885 0.174168 0.174168
0 0.517613 0.517613 0.538160 0.538160
0 0.588063 0.588063 0.651663 0.651663
0 0.322896 0.322896 0.293542 0.293542
0 0.496086 0.496086 0.076321 0.076321
0 0.658513 0.664384 0.385519 0.397260
0 0.614481 0.614481 0.234834 0.234834
0 0.412916 0.412916 0.473581 0.473581
0 0.771037 0.769080 0.183953 0.183953
0 0.531311 0.531311 0.272016 0.272016
0 0.725049 0.726027 0.029354 0.027397
