0 0.085127 0.085127 0.037182 0.037182
0 0.468689 0.468689 0.788650 0.788650
0 0.406067 0.403131 0.252446 0.254403
0 0.284736 0.285714 0.021526 0.023483
0 0.520548 0.520548 0.473581 0.473581
0 0.587084 0.586106 0.567515 0.573386
0 0.228963 0.224070 0.113503 0.115460
0 0.198630 0.197652 0.181996 0.183953
0 0.488258 0.487280 0.009785 0.011742
0 0.681018 0.681018 0.422701 0.422701
0 0.648728 0.648728 0.342466 0.342466
0 0.312133 0.317025 0.334638 0.324853
0 0.682975 0.683953 0.090020 0.084149
0 0.491194 0.491194 0.438356 0.438356
0 0.603718 0.603718 0.197652 0.197652
0 0.434442 0.434442 0.602740 0.602740
0 0.530333 0.527397 0.352250 0.350294
0 0.735812 0.733855 0.070450 0.074364
0 0.570450 0.570450 0.651663 0.651663
0 0.763209 0.763209 0.320939 0.320939
0 0.710372 0.710372 0.465753 0.465753
0 0.876712 0.876712 0.046967 0.046967
0 0.548924 0.548924 0.788650 0.788650
0 0.821918 0.821918 0.242661 0.242661
