0 0.545988 0.543053 0.755382 0.741683
0 0.213307 0.215264 0.074364 0.074364
0 0.459883 0.461840 0.610568 0.606654
0 0.393346 0.394325 0.469667 0.467710
0 0.295499 0.296477 0.289628 0.287671
0 0.173190 0.173190 0.072407 0.080235
0 0.654599 0.656556 0.471624 0.467710
0 0.499022 0.515656 0.101761 0.135029
0 0.556751 0.557730 0.268102 0.266145
0 0.264188 0.265166 0.324853 0.326810
0 0.331703 0.332681 0.189824 0.191781
0 0.376712 0.377691 0.095890 0.097847
0 0.541096 0.538160 0.393346 0.383562
0 0.672211 0.688845 0.088063 0.054795
0 0.778865 0.775930 0.160470 0.166341
0 0.675147 0.676125 0.136986 0.138943
