0 0.208415 0.209393 0.025440 0.031311
0 0.118395 0.119374 0.095890 0.093933
0 0.565558 0.573386 0.778865 0.786693
0 0.188845 0.192759 0.021526 0.029354
0 0.519569 0.520548 0.686888 0.684932
0 0.355186 0.356164 0.409002 0.407045
0 0.172211 0.175147 0.054795 0.045010
0 0.437378 0.439335 0.514677 0.510763
0 0.260274 0.257339 0.293542 0.287671
0 0.361057 0.365949 0.142857 0.125245
0 0.548924 0.549902 0.268102 0.266145
0 0.448141 0.449119 0.003914 0.009785
0 0.689824 0.687867 0.475538 0.487280
0 0.520548 0.519569 0.262231 0.260274
0 0.401174 0.404110 0.461840 0.471624
0 0.398239 0.381605 0.596869 0.551859
0 0.797456 0.792564 0.326810 0.324853
0 0.685910 0.695695 0.041096 0.060665
0 0.588063 0.617417 0.107632 0.056751
0 0.918787 0.916830 0.052838 0.056751
0 0.688845 0.681996 0.410959 0.432485
0 0.822896 0.831703 0.107632 0.093933
0 0.608611 0.608611 0.540117 0.540117
0 0.450098 0.452055 0.825832 0.829746
0 0.530333 0.549902 0.704501 0.688845
0 0.746575 0.747554 0.272016 0.273973
