0 0.095890 0.093933 0.023483 0.015656
0 0.380626 0.407045 0.553816 0.610568
0 0.273973 0.274951 0.301370 0.299413
0 0.200587 0.203523 0.115460 0.140900
0 0.338552 0.339530 0.410959 0.412916
0 0.205479 0.205479 0.352250 0.305284
0 0.411937 0.414873 0.088063 0.097847
0 0.642857 0.643836 0.542074 0.544031
0 0.502935 0.501957 0.281800 0.283757
0 0.552838 0.560665 0.401174 0.401174
0 0.613503 0.616438 0.033268 0.019569
0 0.753425 0.755382 0.227006 0.227006
0 0.396282 0.396282 0.440313 0.440313
0 0.544031 0.543053 0.136986 0.138943
0 0.845401 0.844423 0.007828 0.009785
0 0.545010 0.543053 0.585127 0.585127
0 0.773973 0.774951 0.119374 0.117417
0 0.651663 0.648728 0.450098 0.448141
0 0.735812 0.740705 0.340509 0.326810
0 0.575342 0.565558 0.524462 0.528376
