0 0.463796 0.462818 0.845401 0.847358
0 0.056751 0.061644 0.011742 0.029354
0 0.360078 0.360078 0.579256 0.579256
0 0.401174 0.403131 0.735812 0.731898
0 0.107632 0.107632 0.152642 0.152642
0 0.161448 0.165362 0.240705 0.232877
0 0.604697 0.615460 0.610568 0.643836
0 0.316047 0.325832 0.041096 0.068493
0 0.253425 0.254403 0.060665 0.062622
0 0.424658 0.429550 0.285714 0.299413
0 0.202544 0.201566 0.279843 0.281800
0 0.498043 0.500000 0.463796 0.459883
0 0.526419 0.524462 0.520548 0.524462
0 0.714286 0.713307 0.379648 0.381605
0 0.348337 0.351272 0.344423 0.330724
0 0.640900 0.640900 0.166341 0.174168
0 0.567515 0.556751 0.121331 0.111546
0 0.443249 0.445205 0.189824 0.185910
0 0.497065 0.497065 0.086106 0.082192
0 0.777886 0.774951 0.029354 0.035225
0 0.678082 0.680039 0.197652 0.193738
0 0.836595 0.846380 0.154599 0.162427
0 0.483366 0.482387 0.583170 0.581213
0 0.706458 0.706458 0.144814 0.140900
0 0.430528 0.430528 0.700587 0.700587
