0 0.254403 0.255382 0.320939 0.338552
0 0.366928 0.366928 0.545988 0.553816
0 0.151663 0.152642 0.088063 0.097847
0 0.096869 0.097847 0.001957 0.003914
0 0.244618 0.243640 0.215264 0.228963
0 0.444227 0.444227 0.673190 0.673190
0 0.511742 0.516634 0.859100 0.857143
0 0.196673 0.195695 0.283757 0.270059
0 0.441292 0.442270 0.181996 0.183953
0 0.746575 0.748532 0.362035 0.369863
0 0.646771 0.646771 0.205479 0.221135
0 0.287671 0.286693 0.129159 0.115460
0 0.608611 0.612524 0.062622 0.074364
0 0.540117 0.538160 0.054795 0.050881
0 0.460861 0.460861 0.217221 0.217221
0 0.539139 0.535225 0.530333 0.522505
0 0.464775 0.463796 0.651663 0.645793
0 0.829746 0.820939 0.019569 0.005871
0 0.780822 0.778865 0.105675 0.105675
0 0.638943 0.637965 0.346380 0.344423
0 0.689824 0.692759 0.232877 0.199609
0 0.564579 0.562622 0.455969 0.463796
