0 0.177104 0.176125 0.315068 0.317025
0 0.203523 0.224070 0.383562 0.416830
0 0.408023 0.401174 0.737769 0.724070
0 0.335616 0.336595 0.616438 0.614481
0 0.110568 0.112524 0.178082 0.174168
0 0.426614 0.433464 0.778865 0.792564
0 0.383562 0.385519 0.313112 0.309198
0 0.539139 0.540117 0.596869 0.594912
0 0.151663 0.151663 0.181996 0.181996
0 0.233855 0.231898 0.068493 0.072407
0 0.532290 0.530333 0.007828 0.003914
0 0.398239 0.397260 0.279843 0.277886
0 0.475538 0.472603 0.129159 0.123288
0 0.709393 0.708415 0.299413 0.297456
0 0.663405 0.654599 0.277886 0.252446
0 0.665362 0.665362 0.176125 0.176125
0 0.772016 0.772994 0.025440 0.023483
0 0.460861 0.462818 0.569472 0.573386
0 0.545988 0.546967 0.461840 0.455969
