0 0.396282 0.396282 0.459883 0.455969
0 0.363014 0.361057 0.549902 0.557730
0 0.605675 0.604697 0.076321 0.074364
0 0.717221 0.716243 0.091977 0.090020
0 0.353229 0.352250 0.142857 0.136986
0 0.557730 0.554795 0.551859 0.557730
0 0.520548 0.520548 0.704501 0.704501
0 0.397260 0.398239 0.771037 0.769080
0 0.795499 0.789628 0.099804 0.111546
0 0.730920 0.728963 0.217221 0.221135
0 0.689824 0.689824 0.373777 0.373777
0 0.586106 0.587084 0.409002 0.407045
0 0.546967 0.546967 0.213307 0.213307
0 0.645793 0.645793 0.043053 0.043053
0 0.314090 0.314090 0.158513 0.158513
0 0.476517 0.471624 0.127202 0.125245
0 0.631115 0.630137 0.409002 0.407045
0 0.552838 0.553816 0.326810 0.328767
0 0.138943 0.139922 0.176125 0.178082
0 0.333659 0.333659 0.334638 0.334638
0 0.387476 0.379648 0.418787 0.434442
0 0.231898 0.231898 0.240705 0.240705
0 0.446184 0.446184 0.090020 0.090020
0 0.264188 0.263209 0.324853 0.322896
0 0.441292 0.441292 0.545988 0.545988
0 0.469667 0.469667 0.626223 0.626223
