0 0.735812 0.735812 0.101761 0.101761
0 0.249511 0.249511 0.479452 0.479452
0 0.543053 0.542074 0.099804 0.097847
0 0.545988 0.545988 0.414873 0.414873
0 0.564579 0.564579 0.675147 0.675147
0 0.617417 0.627202 0.037182 0.037182
0 0.530333 0.529354 0.755382 0.753425
0 0.675147 0.675147 0.583170 0.583170
0 0.710372 0.710372 0.019569 0.019569
0 0.268102 0.267123 0.144814 0.146771
0 0.297456 0.298434 0.011742 0.009785
0 0.718200 0.717221 0.207436 0.205479
0 0.439335 0.439335 0.428571 0.428571
0 0.581213 0.580235 0.254403 0.252446
0 0.590998 0.585127 0.606654 0.594912
0 0.388454 0.388454 0.604697 0.604697
0 0.386497 0.385519 0.232877 0.230920
0 0.431507 0.429550 0.252446 0.252446
0 0.827789 0.827789 0.172211 0.172211
0 0.644814 0.644814 0.326810 0.326810
0 0.390411 0.381605 0.080235 0.070450
0 0.474560 0.474560 0.514677 0.514677
0 0.667319 0.667319 0.407045 0.407045
0 0.304305 0.303327 0.103718 0.105675
0 0.328767 0.327789 0.544031 0.545988
0 0.371820 0.371820 0.594912 0.594912
0 0.583170 0.583170 0.246575 0.246575
0 0.286693 0.285714 0.405088 0.403131
0 0.426614 0.426614 0.567515 0.567515
0 0.455969 0.458904 0.050881 0.033268
0 0.509785 0.508806 0.487280 0.485323
0 0.200587 0.199609 0.260274 0.262231
0 0.863014 0.862035 0.015656 0.017613
0 0.177104 0.177104 0.248532 0.248532
