0 0.168297 0.167319 0.066536 0.064579
0 0.216243 0.215264 0.232877 0.234834
0 0.107632 0.107632 0.043053 0.043053
0 0.394325 0.393346 0.569472 0.567515
0 0.567515 0.566536 0.469667 0.467710
0 0.612524 0.611546 0.575342 0.577299
0 0.226027 0.225049 0.260274 0.262231
0 0.182975 0.182975 0.322896 0.322896
0 0.569472 0.568493 0.043053 0.045010
0 0.524462 0.524462 0.113503 0.113503
0 0.618395 0.618395 0.168297 0.168297
0 0.429550 0.428571 0.291585 0.289628
0 0.392368 0.392368 0.358121 0.358121
0 0.351272 0.350294 0.518591 0.520548
0 0.428571 0.426614 0.223092 0.219178
0 0.578278 0.578278 0.338552 0.338552
0 0.711350 0.710372 0.115460 0.117417
0 0.532290 0.531311 0.500978 0.499022
0 0.642857 0.641879 0.197652 0.195695
0 0.609589 0.608611 0.397260 0.399217
0 0.509785 0.509785 0.596869 0.596869
0 0.425636 0.424658 0.737769 0.739726
0 0.792564 0.791585 0.074364 0.072407
0 0.466732 0.465753 0.741683 0.739726
0 0.372798 0.372798 0.467710 0.467710
0 0.299413 0.299413 0.387476 0.387476
0 0.500978 0.501957 0.363992 0.365949
0 0.401174 0.399217 0.133072 0.136986
0 0.719178 0.718200 0.358121 0.356164
