0 0.190802 0.182975 0.029354 0.045010
0 0.656556 0.656556 0.592955 0.592955
0 0.476517 0.476517 0.659491 0.659491
0 0.434442 0.432485 0.704501 0.704501
0 0.610568 0.609589 0.356164 0.334638
0 0.688845 0.686888 0.254403 0.258317
0 0.088063 0.088063 0.050881 0.050881
0 0.686888 0.683953 0.191781 0.185910
0 0.436399 0.436399 0.101761 0.101761
0 0.228963 0.227984 0.117417 0.115460
0 0.544031 0.544031 0.387476 0.387476
0 0.524462 0.519569 0.223092 0.232877
0 0.785714 0.790607 0.021526 0.031311
0 0.722114 0.722114 0.309198 0.309198
0 0.229941 0.229941 0.119374 0.119374
0 0.319961 0.319961 0.440313 0.440313
0 0.316047 0.316047 0.311155 0.311155
0 0.419765 0.419765 0.510763 0.514677
0 0.396282 0.397260 0.393346 0.395303
0 0.415851 0.416830 0.205479 0.203523
0 0.863992 0.863992 0.123288 0.123288
0 0.498043 0.498043 0.530333 0.530333
0 0.470646 0.470646 0.240705 0.240705
0 0.554795 0.554795 0.784736 0.784736
0 0.579256 0.577299 0.058708 0.062622
0 0.615460 0.615460 0.158513 0.162427
0 0.294521 0.308219 0.048924 0.041096
0 0.747554 0.747554 0.058708 0.058708
0 0.597847 0.599804 0.467710 0.471624
