0 0.537182 0.537182 0.111546 0.111546
0 0.597847 0.596869 0.624266 0.622309
0 0.762231 0.762231 0.193738 0.193738
0 0.685910 0.683953 0.432485 0.428571
0 0.527397 0.526419 0.749511 0.747554
0 0.438356 0.438356 0.371820 0.371820
0 0.706458 0.706458 0.391389 0.391389
0 0.407045 0.405088 0.285714 0.285714
0 0.427593 0.427593 0.111546 0.111546
0 0.605675 0.604697 0.185910 0.187867
0 0.446184 0.445205 0.751468 0.749511
0 0.047945 0.047945 0.060665 0.060665
0 0.611546 0.611546 0.041096 0.041096
0 0.219178 0.219178 0.113503 0.113503
0 0.696673 0.696673 0.101761 0.101761
0 0.415851 0.415851 0.412916 0.412916
0 0.683953 0.685910 0.350294 0.350294
0 0.473581 0.472603 0.035225 0.033268
0 0.932485 0.932485 0.025440 0.025440
0 0.180039 0.179061 0.117417 0.111546
0 0.388454 0.387476 0.166341 0.168297
0 0.296477 0.295499 0.017613 0.015656
0 0.301370 0.300391 0.375734 0.373777
0 0.211350 0.211350 0.336595 0.336595
0 0.381605 0.380626 0.630137 0.632094
0 0.765166 0.765166 0.136986 0.136986
0 0.490215 0.490215 0.448141 0.463796
0 0.252446 0.251468 0.493151 0.491194
0 0.089041 0.088063 0.080235 0.082192
0 0.505871 0.505871 0.256360 0.256360
0 0.362035 0.361057 0.493151 0.495108
0 0.363992 0.363014 0.093933 0.095890
0 0.469667 0.469667 0.387476 0.387476
0 0.799413 0.791585 0.041096 0.029354
0 0.294521 0.293542 0.452055 0.454012
