0 0.310176 0.311155 0.268102 0.270059
0 0.483366 0.482387 0.555773 0.557730
0 0.550881 0.549902 0.698630 0.700587
0 0.243640 0.244618 0.315068 0.313112
0 0.317025 0.316047 0.187867 0.185910
0 0.627202 0.626223 0.369863 0.371820
0 0.387476 0.386497 0.090020 0.088063
0 0.482387 0.481409 0.088063 0.090020
0 0.711350 0.710372 0.056751 0.058708
0 0.588063 0.589041 0.248532 0.246575
0 0.629159 0.628180 0.080235 0.078278
0 0.365949 0.366928 0.598826 0.596869
0 0.662427 0.661448 0.029354 0.027397
0 0.506849 0.505871 0.446184 0.444227
0 0.538160 0.537182 0.837573 0.835616
0 0.849315 0.847358 0.140900 0.144814
0 0.624266 0.623288 0.594912 0.592955
