0 0.376712 0.376712 0.401174 0.401174
0 0.306262 0.306262 0.303327 0.303327
0 0.223092 0.223092 0.078278 0.078278
0 0.368885 0.368885 0.373777 0.373777
0 0.289628 0.289628 0.215264 0.215264
0 0.173190 0.172211 0.025440 0.023483
0 0.552838 0.552838 0.722114 0.722114
0 0.531311 0.529354 0.412916 0.416830
0 0.562622 0.562622 0.499022 0.499022
0 0.229941 0.229941 0.162427 0.162427
0 0.288650 0.288650 0.099804 0.099804
0 0.191781 0.191781 0.234834 0.234834
0 0.498043 0.498043 0.330724 0.330724
0 0.312133 0.311155 0.013699 0.011742
0 0.357143 0.354207 0.056751 0.062622
0 0.390411 0.389432 0.131115 0.133072
0 0.657534 0.657534 0.528376 0.528376
0 0.550881 0.550881 0.221135 0.221135
0 0.651663 0.650685 0.324853 0.326810
0 0.313112 0.313112 0.305284 0.305284
0 0.350294 0.350294 0.219178 0.219178
0 0.511742 0.511742 0.056751 0.056751
0 0.677104 0.676125 0.454012 0.455969
0 0.384540 0.384540 0.170254 0.170254
0 0.472603 0.471624 0.041096 0.039139
0 0.616438 0.616438 0.277886 0.277886
0 0.420744 0.420744 0.070450 0.070450
0 0.611546 0.611546 0.033268 0.033268
0 0.688845 0.687867 0.230920 0.232877
0 0.650685 0.636008 0.045010 0.074364
0 0.495108 0.495108 0.191781 0.191781
0 0.739726 0.739726 0.309198 0.309198
0 0.562622 0.562622 0.068493 0.068493
0 0.454990 0.454012 0.358121 0.356164
0 0.712329 0.712329 0.015656 0.015656
0 0.480431 0.480431 0.534247 0.534247
0 0.564579 0.564579 0.315068 0.315068
0 0.707436 0.707436 0.095890 0.095890
0 0.811155 0.811155 0.142857 0.142857
0 0.448141 0.448141 0.614481 0.614481
0 0.603718 0.598826 0.526419 0.516634
0 0.566536 0.564579 0.585127 0.581213
0 0.794521 0.794521 0.187867 0.187867
0 0.467710 0.467710 0.806262 0.806262
0 0.537182 0.536204 0.647750 0.645793
0 0.860078 0.859100 0.072407 0.070450
0 0.673190 0.673190 0.395303 0.395303
0 0.477495 0.476517 0.309198 0.311155
0 0.277886 0.277886 0.360078 0.360078
0 0.313112 0.313112 0.301370 0.301370
0 0.398239 0.396282 0.409002 0.405088
0 0.387476 0.386497 0.450098 0.448141
0 0.739726 0.739726 0.054795 0.054795
