0 0.463796 0.463796 0.136986 0.136986
0 0.207436 0.206458 0.250489 0.252446
0 0.398239 0.397260 0.596869 0.594912
0 0.625245 0.624266 0.013699 0.015656
0 0.580235 0.579256 0.299413 0.301370
0 0.508806 0.507828 0.250489 0.252446
0 0.487280 0.487280 0.778865 0.778865
0 0.206458 0.207436 0.107632 0.105675
0 0.436399 0.436399 0.485323 0.485323
0 0.808219 0.809198 0.062622 0.060665
0 0.643836 0.642857 0.461840 0.463796
0 0.546967 0.545988 0.526419 0.528376
0 0.577299 0.576321 0.497065 0.495108
0 0.331703 0.331703 0.193738 0.193738
0 0.278865 0.278865 0.389432 0.389432
0 0.717221 0.716243 0.127202 0.125245
0 0.375734 0.375734 0.602740 0.602740
0 0.661448 0.660470 0.391389 0.389432
0 0.486301 0.486301 0.001957 0.001957
0 0.603718 0.602740 0.162427 0.164384
0 0.247554 0.247554 0.045010 0.045010
0 0.365949 0.364971 0.176125 0.174168
0 0.393346 0.392368 0.301370 0.303327
0 0.740705 0.733855 0.174168 0.172211
0 0.541096 0.541096 0.620352 0.620352
0 0.888454 0.887476 0.023483 0.025440
0 0.716243 0.716243 0.227006 0.227006
0 0.482387 0.479452 0.303327 0.301370
0 0.321918 0.321918 0.158513 0.150685
0 0.132094 0.131115 0.099804 0.101761
0 0.463796 0.462818 0.379648 0.381605
0 0.585127 0.583170 0.227006 0.227006
0 0.241683 0.237769 0.041096 0.041096
0 0.128180 0.129159 0.170254 0.172211
