0 0.069472 0.070450 0.017613 0.019569
0 0.419765 0.420744 0.698630 0.700587
0 0.132094 0.133072 0.111546 0.113503
0 0.220157 0.219178 0.272016 0.273973
0 0.486301 0.487280 0.835616 0.837573
0 0.291585 0.292564 0.438356 0.440313
0 0.598826 0.595890 0.559687 0.553816
0 0.236791 0.236791 0.160470 0.160470
0 0.375734 0.374755 0.105675 0.107632
0 0.500978 0.488258 0.363992 0.358121
0 0.428571 0.427593 0.168297 0.170254
0 0.324853 0.323875 0.516634 0.514677
0 0.638943 0.637965 0.138943 0.140900
0 0.735812 0.734834 0.250489 0.252446
0 0.440313 0.439335 0.340509 0.338552
0 0.572407 0.572407 0.025440 0.025440
0 0.522505 0.521526 0.610568 0.608611
0 0.420744 0.419765 0.833659 0.831703
0 0.573386 0.573386 0.497065 0.497065
0 0.674168 0.673190 0.354207 0.352250
0 0.695695 0.694716 0.256360 0.254403
0 0.781800 0.780822 0.084149 0.082192
0 0.341487 0.340509 0.111546 0.109589
0 0.379648 0.378669 0.598826 0.600783
