0 0.473581 0.473581 0.183953 0.183953
0 0.532290 0.532290 0.500978 0.500978
0 0.616438 0.616438 0.528376 0.528376
0 0.412916 0.412916 0.062622 0.062622
0 0.517613 0.517613 0.338552 0.338552
0 0.305284 0.298434 0.281800 0.295499
0 0.352250 0.351272 0.270059 0.268102
0 0.588063 0.583170 0.076321 0.066536
0 0.261252 0.261252 0.318982 0.342466
0 0.459883 0.454990 0.473581 0.471624
0 0.636986 0.636008 0.178082 0.176125
0 0.607632 0.606654 0.514677 0.512720
0 0.090998 0.090020 0.021526 0.019569
0 0.831703 0.830724 0.195695 0.197652
0 0.543053 0.544031 0.428571 0.426614
0 0.597847 0.594912 0.221135 0.215264
0 0.410959 0.413894 0.164384 0.166341
0 0.747554 0.747554 0.289628 0.289628
0 0.773973 0.775930 0.048924 0.052838
0 0.487280 0.481409 0.160470 0.148728
0 0.799413 0.799413 0.146771 0.146771
0 0.496086 0.495108 0.788650 0.790607
0 0.736791 0.736791 0.362035 0.362035
0 0.892368 0.879648 0.160470 0.174168
0 0.632094 0.631115 0.180039 0.181996
0 0.326810 0.326810 0.481409 0.481409
0 0.370841 0.371820 0.060665 0.062622
0 0.264188 0.257339 0.125245 0.131115
0 0.376712 0.375734 0.643836 0.645793
0 0.362035 0.360078 0.442270 0.442270
0 0.582192 0.582192 0.726027 0.726027
0 0.298434 0.298434 0.401174 0.416830
0 0.440313 0.439335 0.653620 0.651663
0 0.230920 0.230920 0.172211 0.140900
0 0.549902 0.549902 0.160470 0.160470
0 0.599804 0.599804 0.232877 0.228963
0 0.404110 0.404110 0.671233 0.671233
0 0.820939 0.814090 0.260274 0.262231
