0 0.428571 0.427593 0.180039 0.178082
0 0.308219 0.307241 0.448141 0.446184
0 0.644814 0.643836 0.225049 0.227006
0 0.488258 0.487280 0.103718 0.101761
0 0.655577 0.656556 0.097847 0.099804
0 0.335616 0.334638 0.264188 0.262231
0 0.753425 0.753425 0.019569 0.019569
0 0.463796 0.463796 0.900196 0.900196
0 0.696673 0.696673 0.125245 0.125245
0 0.500000 0.500000 0.264188 0.264188
0 0.830724 0.830724 0.240705 0.240705
0 0.595890 0.595890 0.264188 0.264188
0 0.758317 0.760274 0.268102 0.268102
0 0.165362 0.164384 0.131115 0.133072
0 0.610568 0.608611 0.731898 0.735812
0 0.320939 0.320939 0.375734 0.375734
0 0.403131 0.403131 0.540117 0.540117
0 0.311155 0.310176 0.093933 0.091977
0 0.268102 0.268102 0.219178 0.219178
0 0.410959 0.409980 0.172211 0.174168
0 0.402153 0.402153 0.714286 0.714286
0 0.541096 0.541096 0.463796 0.463796
0 0.432485 0.433464 0.544031 0.542074
0 0.748532 0.737769 0.499022 0.520548
0 0.536204 0.539139 0.751468 0.761252
0 0.508806 0.508806 0.015656 0.015656
0 0.612524 0.612524 0.160470 0.160470
0 0.132094 0.132094 0.041096 0.041096
0 0.371820 0.370841 0.477495 0.479452
0 0.236791 0.236791 0.172211 0.172211
0 0.470646 0.463796 0.432485 0.418787
0 0.592955 0.592955 0.493151 0.493151
0 0.371820 0.371820 0.019569 0.019569
0 0.248532 0.247554 0.227006 0.228963
0 0.470646 0.460861 0.706458 0.706458
0 0.810176 0.811155 0.234834 0.232877
0 0.107632 0.107632 0.046967 0.046967
0 0.758317 0.728963 0.287671 0.358121
