0 0.585127 0.584149 0.751468 0.749511
0 0.494129 0.493151 0.565558 0.567515
0 0.136008 0.136008 0.166341 0.166341
0 0.191781 0.191781 0.070450 0.070450
0 0.301370 0.301370 0.168297 0.168297
0 0.433464 0.432485 0.448141 0.446184
0 0.247554 0.247554 0.076321 0.076321
0 0.395303 0.395303 0.313112 0.313112
0 0.503914 0.501957 0.162427 0.162427
0 0.664384 0.663405 0.483366 0.485323
0 0.461840 0.461840 0.070450 0.070450
0 0.644814 0.644814 0.389432 0.389432
0 0.413894 0.412916 0.056751 0.054795
0 0.577299 0.577299 0.277886 0.277886
0 0.309198 0.309198 0.340509 0.340509
0 0.519569 0.519569 0.283757 0.283757
0 0.772994 0.772994 0.230920 0.230920
0 0.649706 0.648728 0.011742 0.013699
0 0.702544 0.702544 0.093933 0.093933
0 0.428571 0.428571 0.540117 0.540117
0 0.446184 0.446184 0.872798 0.872798
0 0.749511 0.749511 0.262231 0.262231
0 0.852250 0.852250 0.029354 0.029354
0 0.539139 0.538160 0.714286 0.712329
0 0.590998 0.590998 0.630137 0.630137
0 0.813112 0.812133 0.111546 0.109589
0 0.669276 0.669276 0.504892 0.504892
0 0.678082 0.678082 0.365949 0.365949
