0 0.095890 0.097847 0.019569 0.019569
0 0.629159 0.628180 0.506849 0.508806
0 0.590998 0.590998 0.273973 0.273973
0 0.428571 0.428571 0.078278 0.078278
0 0.495108 0.495108 0.199609 0.203523
0 0.493151 0.493151 0.199609 0.203523
0 0.412916 0.411937 0.289628 0.291585
0 0.305284 0.305284 0.172211 0.172211
0 0.235812 0.235812 0.369863 0.369863
0 0.405088 0.405088 0.007828 0.007828
0 0.349315 0.350294 0.072407 0.070450
0 0.392368 0.392368 0.596869 0.596869
0 0.304305 0.303327 0.412916 0.414873
0 0.655577 0.655577 0.113503 0.113503
0 0.531311 0.532290 0.283757 0.281800
0 0.505871 0.505871 0.455969 0.455969
0 0.323875 0.323875 0.612524 0.612524
