0 0.078278 0.075342 0.066536 0.076321
0 0.541096 0.540117 0.843444 0.845401
0 0.368885 0.368885 0.495108 0.499022
0 0.317025 0.317025 0.363992 0.363992
0 0.449119 0.449119 0.616438 0.616438
0 0.289628 0.288650 0.090020 0.088063
0 0.181996 0.182975 0.332681 0.330724
0 0.257339 0.256360 0.197652 0.195695
0 0.398239 0.397260 0.072407 0.074364
0 0.530333 0.529354 0.328767 0.326810
0 0.313112 0.312133 0.618395 0.616438
0 0.484344 0.483366 0.232877 0.230920
0 0.648728 0.647750 0.025440 0.027397
0 0.404110 0.403131 0.428571 0.426614
0 0.737769 0.736791 0.242661 0.244618
0 0.560665 0.560665 0.111546 0.111546
0 0.728963 0.727984 0.260274 0.258317
0 0.924658 0.923679 0.088063 0.090020
0 0.838552 0.838552 0.064579 0.064579
0 0.500000 0.500978 0.146771 0.144814
0 0.643836 0.642857 0.528376 0.526419
