0 0.355186 0.355186 0.170254 0.170254
0 0.174168 0.176125 0.195695 0.195695
0 0.668297 0.664384 0.268102 0.260274
0 0.485323 0.485323 0.317025 0.317025
0 0.771037 0.748532 0.152642 0.217221
0 0.684932 0.683953 0.367906 0.365949
0 0.393346 0.395303 0.461840 0.457926
0 0.639922 0.639922 0.082192 0.082192
0 0.765166 0.764188 0.074364 0.072407
0 0.320939 0.320939 0.238748 0.238748
0 0.259295 0.260274 0.369863 0.367906
0 0.428571 0.428571 0.090020 0.090020
0 0.479452 0.478474 0.720157 0.718200
0 0.234834 0.233855 0.023483 0.025440
0 0.546967 0.548924 0.538160 0.545988
0 0.844423 0.844423 0.080235 0.088063
0 0.735812 0.735812 0.117417 0.117417
0 0.598826 0.599804 0.015656 0.013699
0 0.616438 0.616438 0.536204 0.536204
0 0.297456 0.296477 0.152642 0.154599
0 0.387476 0.386497 0.403131 0.405088
0 0.100783 0.103718 0.119374 0.109589
0 0.433464 0.432485 0.444227 0.442270
0 0.526419 0.526419 0.230920 0.230920
0 0.560665 0.561644 0.287671 0.289628
0 0.558708 0.560665 0.714286 0.706458
0 0.182975 0.182975 0.162427 0.162427
0 0.361057 0.360078 0.213307 0.211350
0 0.488258 0.488258 0.518591 0.518591
0 0.547945 0.547945 0.238748 0.238748
