0 0.279843 0.280822 0.450098 0.452055
0 0.546967 0.546967 0.475538 0.475538
0 0.224070 0.223092 0.213307 0.211350
0 0.332681 0.331703 0.019569 0.017613
0 0.480431 0.481409 0.272016 0.273973
0 0.747554 0.746575 0.356164 0.358121
0 0.422701 0.421722 0.297456 0.295499
0 0.371820 0.370841 0.399217 0.397260
0 0.589041 0.588063 0.058708 0.056751
0 0.680039 0.679061 0.166341 0.168297
0 0.676125 0.675147 0.322896 0.320939
0 0.470646 0.470646 0.831703 0.831703
0 0.529354 0.528376 0.639922 0.637965
0 0.780822 0.779843 0.152642 0.150685
