0 0.376712 0.376712 0.608611 0.608611
0 0.299413 0.299413 0.442270 0.442270
0 0.442270 0.441292 0.735812 0.737769
0 0.124266 0.123288 0.111546 0.113503
0 0.249511 0.248532 0.326810 0.324853
0 0.187867 0.186888 0.273973 0.275930
0 0.542074 0.542074 0.500978 0.500978
0 0.469667 0.468689 0.297456 0.295499
0 0.393346 0.392368 0.160470 0.162427
0 0.430528 0.430528 0.270059 0.270059
0 0.738748 0.737769 0.424658 0.422701
0 0.585127 0.584149 0.113503 0.115460
0 0.342466 0.340509 0.356164 0.352250
0 0.413894 0.413894 0.272016 0.272016
0 0.538160 0.534247 0.000000 0.007828
0 0.641879 0.640900 0.258317 0.260274
0 0.471624 0.471624 0.093933 0.093933
0 0.399217 0.398239 0.720157 0.722114
0 0.828767 0.828767 0.158513 0.158513
0 0.605675 0.605675 0.303327 0.303327
0 0.493151 0.493151 0.567515 0.567515
0 0.536204 0.536204 0.403131 0.403131
0 0.739726 0.738748 0.050881 0.048924
0 0.691781 0.690802 0.091977 0.090020
0 0.148728 0.148728 0.219178 0.219178
