0 0.460861 0.459883 0.005871 0.007828
0 0.412916 0.411937 0.101761 0.103718
0 0.582192 0.581213 0.675147 0.677104
0 0.553816 0.552838 0.211350 0.209393
0 0.691781 0.690802 0.099804 0.101761
0 0.810176 0.809198 0.156556 0.154599
0 0.670254 0.670254 0.491194 0.491194
0 0.554795 0.554795 0.737769 0.737769
0 0.729941 0.728963 0.360078 0.358121
0 0.500978 0.500000 0.399217 0.397260
0 0.436399 0.435421 0.454012 0.452055
0 0.483366 0.483366 0.590998 0.590998
0 0.206458 0.206458 0.076321 0.076321
0 0.158513 0.157534 0.043053 0.041096
0 0.083170 0.080235 0.138943 0.133072
0 0.441292 0.441292 0.577299 0.577299
0 0.719178 0.719178 0.225049 0.225049
0 0.520548 0.518591 0.156556 0.152642
0 0.521526 0.520548 0.397260 0.399217
0 0.337573 0.337573 0.452055 0.452055
0 0.303327 0.303327 0.238748 0.238748
0 0.318004 0.318004 0.205479 0.205479
0 0.315068 0.313112 0.379648 0.375734
0 0.598826 0.598826 0.140900 0.140900
