0 0.320939 0.319961 0.281800 0.279843
0 0.630137 0.629159 0.477495 0.479452
0 0.355186 0.355186 0.041096 0.041096
0 0.217221 0.217221 0.383562 0.383562
0 0.521526 0.521526 0.166341 0.166341
0 0.808219 0.808219 0.046967 0.046967
0 0.532290 0.532290 0.320939 0.320939
0 0.388454 0.386497 0.381605 0.381605
0 0.765166 0.765166 0.105675 0.105675
0 0.649706 0.646771 0.227006 0.209393
0 0.555773 0.555773 0.614481 0.614481
0 0.106654 0.106654 0.060665 0.060665
0 0.597847 0.596869 0.522505 0.520548
0 0.476517 0.475538 0.702544 0.704501
0 0.462818 0.458904 0.287671 0.307241
0 0.310176 0.308219 0.448141 0.444227
0 0.651663 0.651663 0.305284 0.305284
0 0.185910 0.186888 0.113503 0.111546
0 0.679061 0.679061 0.164384 0.164384
0 0.458904 0.456947 0.690802 0.690802
0 0.609589 0.609589 0.048924 0.045010
0 0.292564 0.290607 0.123288 0.119374
0 0.458904 0.458904 0.561644 0.561644
0 0.573386 0.572407 0.450098 0.455969
0 0.372798 0.371820 0.017613 0.023483
0 0.762231 0.762231 0.334638 0.334638
0 0.368885 0.368885 0.467710 0.467710
0 0.636008 0.636008 0.062622 0.062622
0 0.236791 0.237769 0.281800 0.283757
0 0.505871 0.504892 0.201566 0.199609
