0 0.551859 0.551859 0.477495 0.477495
0 0.193738 0.199609 0.176125 0.187867
0 0.323875 0.322896 0.080235 0.082192
0 0.692759 0.688845 0.191781 0.191781
0 0.100783 0.099804 0.088063 0.086106
0 0.545988 0.545988 0.050881 0.050881
0 0.475538 0.475538 0.594912 0.594912
0 0.664384 0.663405 0.142857 0.144814
0 0.541096 0.540117 0.737769 0.735812
0 0.208415 0.207436 0.080235 0.078278
0 0.403131 0.402153 0.320939 0.318982
0 0.402153 0.402153 0.158513 0.158513
0 0.773973 0.773973 0.048924 0.048924
0 0.270059 0.271037 0.407045 0.409002
0 0.364971 0.363992 0.272016 0.262231
0 0.338552 0.337573 0.336595 0.338552
0 0.513699 0.513699 0.279843 0.279843
0 0.788650 0.789628 0.317025 0.315068
0 0.232877 0.233855 0.281800 0.279843
0 0.498043 0.497065 0.929550 0.927593
0 0.404110 0.403131 0.636008 0.634051
0 0.294521 0.295499 0.530333 0.528376
0 0.550881 0.550881 0.162427 0.162427
0 0.446184 0.445205 0.637965 0.639922
0 0.706458 0.705479 0.054795 0.056751
0 0.427593 0.426614 0.185910 0.183953
0 0.227006 0.226027 0.199609 0.197652
0 0.590998 0.590020 0.336595 0.334638
0 0.493151 0.492172 0.270059 0.272016
0 0.699609 0.699609 0.393346 0.393346
0 0.698630 0.698630 0.446184 0.442270
0 0.431507 0.434442 0.647750 0.653620
