0 0.133072 0.133072 0.011742 0.011742
0 0.297456 0.297456 0.332681 0.332681
0 0.396282 0.396282 0.561644 0.561644
0 0.333659 0.332681 0.416830 0.418787
0 0.228963 0.228963 0.121331 0.121331
0 0.514677 0.515656 0.774951 0.776908
0 0.242661 0.241683 0.317025 0.315068
0 0.613503 0.612524 0.455969 0.457926
0 0.276908 0.277886 0.213307 0.211350
0 0.321918 0.322896 0.084149 0.082192
0 0.545988 0.545010 0.223092 0.225049
0 0.617417 0.618395 0.052838 0.054795
0 0.548924 0.547945 0.127202 0.125245
0 0.467710 0.466732 0.320939 0.318982
0 0.426614 0.425636 0.473581 0.471624
0 0.346380 0.345401 0.677104 0.675147
0 0.507828 0.507828 0.729941 0.729941
0 0.641879 0.641879 0.469667 0.469667
0 0.589041 0.590020 0.598826 0.596869
0 0.837573 0.836595 0.031311 0.029354
0 0.773973 0.773973 0.154599 0.154599
0 0.433464 0.434442 0.135029 0.136986
