0 0.227984 0.227006 0.377691 0.375734
0 0.346380 0.344423 0.677104 0.677104
0 0.698630 0.696673 0.090020 0.090020
0 0.380626 0.378669 0.545988 0.545988
0 0.607632 0.605675 0.072407 0.072407
0 0.530333 0.528376 0.203523 0.203523
0 0.747554 0.745597 0.273973 0.273973
0 0.096869 0.094912 0.029354 0.029354
0 0.173190 0.173190 0.095890 0.095890
0 0.270059 0.266145 0.223092 0.230920
0 0.395303 0.395303 0.551859 0.551859
0 0.457926 0.456947 0.708415 0.710372
0 0.308219 0.306262 0.440313 0.440313
0 0.286693 0.286693 0.232877 0.232877
0 0.379648 0.379648 0.133072 0.133072
0 0.494129 0.492172 0.264188 0.264188
0 0.453033 0.453033 0.095890 0.095890
0 0.564579 0.564579 0.373777 0.373777
0 0.637965 0.637965 0.547945 0.547945
0 0.463796 0.463796 0.876712 0.876712
0 0.544031 0.544031 0.767123 0.767123
0 0.625245 0.625245 0.573386 0.573386
0 0.704501 0.704501 0.457926 0.457926
0 0.836595 0.834638 0.127202 0.127202
0 0.757339 0.755382 0.227006 0.227006
