0 0.403131 0.403131 0.207436 0.207436
0 0.399217 0.399217 0.121331 0.121331
0 0.141879 0.141879 0.009785 0.009785
0 0.519569 0.519569 0.726027 0.726027
0 0.137965 0.137965 0.072407 0.072407
0 0.225049 0.225049 0.113503 0.113503
0 0.188845 0.187867 0.033268 0.035225
0 0.328767 0.328767 0.273973 0.273973
0 0.112524 0.112524 0.174168 0.174168
0 0.508806 0.508806 0.645793 0.645793
0 0.289628 0.289628 0.215264 0.215264
0 0.379648 0.378669 0.422701 0.424658
0 0.357143 0.355186 0.322896 0.326810
0 0.429550 0.429550 0.467710 0.467710
0 0.474560 0.474560 0.542074 0.542074
0 0.352250 0.352250 0.043053 0.043053
0 0.632094 0.632094 0.583170 0.583170
0 0.566536 0.565558 0.471624 0.473581
0 0.279843 0.278865 0.039139 0.037182
0 0.484344 0.484344 0.326810 0.326810
0 0.461840 0.461840 0.285714 0.285714
0 0.535225 0.535225 0.377691 0.377691
0 0.345401 0.345401 0.256360 0.256360
0 0.293542 0.292564 0.320939 0.318982
0 0.439335 0.439335 0.001957 0.001957
0 0.378669 0.377691 0.135029 0.133072
0 0.578278 0.578278 0.166341 0.166341
0 0.610568 0.610568 0.219178 0.219178
0 0.636008 0.632094 0.328767 0.336595
0 0.523483 0.523483 0.119374 0.119374
0 0.655577 0.655577 0.371820 0.371820
0 0.381605 0.380626 0.477495 0.479452
0 0.843444 0.843444 0.140900 0.140900
0 0.459883 0.459883 0.250489 0.250489
0 0.505871 0.505871 0.162427 0.162427
0 0.547945 0.547945 0.097847 0.097847
0 0.645793 0.645793 0.090020 0.090020
0 0.752446 0.752446 0.287671 0.287671
0 0.849315 0.849315 0.183953 0.183953
0 0.648728 0.648728 0.154599 0.154599
0 0.571429 0.570450 0.289628 0.291585
0 0.507828 0.506849 0.436399 0.434442
0 0.473581 0.473581 0.547945 0.547945
0 0.431507 0.431507 0.581213 0.581213
0 0.390411 0.390411 0.671233 0.671233
0 0.810176 0.809198 0.152642 0.154599
0 0.589041 0.589041 0.508806 0.508806
0 0.735812 0.735812 0.203523 0.203523
0 0.624266 0.624266 0.454012 0.454012
0 0.540117 0.540117 0.704501 0.704501
0 0.810176 0.810176 0.164384 0.164384
0 0.905088 0.905088 0.041096 0.041096
0 0.506849 0.506849 0.782779 0.782779
0 0.876712 0.876712 0.027397 0.027397
0 0.591977 0.591977 0.045010 0.045010
0 0.339530 0.339530 0.518591 0.518591
0 0.399217 0.399217 0.367906 0.367906
0 0.441292 0.438356 0.318982 0.313112
0 0.627202 0.627202 0.248532 0.248532
