0 0.184932 0.183953 0.295499 0.297456
0 0.045010 0.044031 0.078278 0.076321
0 0.334638 0.333659 0.551859 0.549902
0 0.304305 0.303327 0.479452 0.481409
0 0.424658 0.423679 0.700587 0.702544
0 0.425636 0.425636 0.232877 0.232877
0 0.233855 0.232877 0.162427 0.160470
0 0.217221 0.216243 0.254403 0.252446
0 0.337573 0.336595 0.025440 0.027397
0 0.608611 0.608611 0.567515 0.567515
0 0.540117 0.539139 0.414873 0.416830
0 0.184932 0.184932 0.338552 0.338552
0 0.299413 0.298434 0.508806 0.506849
0 0.454012 0.453033 0.180039 0.178082
0 0.527397 0.526419 0.064579 0.062622
0 0.370841 0.369863 0.401174 0.399217
0 0.604697 0.603718 0.050881 0.052838
0 0.711350 0.710372 0.193738 0.195695
0 0.647750 0.646771 0.313112 0.311155
0 0.524462 0.523483 0.598826 0.596869
0 0.733855 0.734834 0.176125 0.174168
0 0.481409 0.479452 0.716243 0.712329
0 0.822896 0.821918 0.064579 0.062622
