0 0.577299 0.578278 0.661448 0.663405
0 0.724070 0.724070 0.078278 0.078278
0 0.615460 0.615460 0.471624 0.471624
0 0.308219 0.307241 0.604697 0.602740
0 0.657534 0.657534 0.039139 0.043053
0 0.328767 0.327789 0.074364 0.072407
0 0.779843 0.778865 0.221135 0.223092
0 0.854207 0.852250 0.009785 0.005871
0 0.143836 0.142857 0.272016 0.270059
0 0.581213 0.580235 0.199609 0.201566
0 0.427593 0.427593 0.021526 0.021526
0 0.484344 0.484344 0.162427 0.162427
0 0.210372 0.211350 0.056751 0.054795
0 0.333659 0.332681 0.193738 0.195695
0 0.460861 0.460861 0.647750 0.647750
0 0.522505 0.520548 0.590998 0.590998
0 0.404110 0.402153 0.487280 0.487280
0 0.798434 0.797456 0.148728 0.146771
0 0.632094 0.631115 0.344423 0.346380
0 0.306262 0.306262 0.334638 0.334638
0 0.277886 0.275930 0.113503 0.113503
0 0.703523 0.702544 0.225049 0.223092
0 0.456947 0.455969 0.436399 0.438356
0 0.613503 0.607632 0.131115 0.142857
0 0.702544 0.701566 0.422701 0.424658
0 0.519569 0.519569 0.499022 0.499022
0 0.454012 0.454012 0.410959 0.410959
0 0.321918 0.321918 0.205479 0.205479
0 0.524462 0.524462 0.242661 0.238748
