0 0.439335 0.439335 0.792564 0.792564
0 0.254403 0.254403 0.407045 0.407045
0 0.126223 0.126223 0.178082 0.178082
0 0.307241 0.307241 0.489237 0.489237
0 0.326810 0.326810 0.547945 0.547945
0 0.130137 0.130137 0.017613 0.017613
0 0.121331 0.121331 0.105675 0.105675
0 0.183953 0.183953 0.078278 0.078278
0 0.337573 0.337573 0.365949 0.365949
0 0.392368 0.392368 0.502935 0.502935
0 0.363992 0.363992 0.450098 0.450098
0 0.530333 0.530333 0.700587 0.700587
0 0.157534 0.157534 0.275930 0.275930
0 0.305284 0.305284 0.011742 0.011742
0 0.406067 0.406067 0.174168 0.174168
0 0.339530 0.339530 0.080235 0.080235
0 0.389432 0.389432 0.101761 0.101761
0 0.213307 0.213307 0.152642 0.152642
0 0.558708 0.558708 0.542074 0.542074
0 0.518591 0.518591 0.446184 0.446184
0 0.436399 0.436399 0.289628 0.289628
0 0.590998 0.590998 0.559687 0.559687
0 0.491194 0.491194 0.348337 0.348337
0 0.318982 0.318982 0.246575 0.246575
0 0.284736 0.284736 0.326810 0.326810
0 0.399217 0.399217 0.101761 0.101761
0 0.628180 0.628180 0.301370 0.301370
0 0.431507 0.430528 0.009785 0.011742
0 0.351272 0.351272 0.150685 0.150685
0 0.563601 0.563601 0.266145 0.266145
0 0.656556 0.656556 0.459883 0.459883
0 0.184932 0.184932 0.252446 0.252446
0 0.264188 0.264188 0.058708 0.058708
0 0.313112 0.313112 0.536204 0.536204
0 0.750489 0.749511 0.303327 0.305284
0 0.536204 0.536204 0.129159 0.129159
0 0.488258 0.488258 0.170254 0.170254
0 0.577299 0.577299 0.050881 0.050881
0 0.644814 0.644814 0.084149 0.084149
0 0.667319 0.667319 0.219178 0.219178
0 0.718200 0.717221 0.313112 0.315068
0 0.396282 0.396282 0.318982 0.318982
0 0.348337 0.348337 0.422701 0.422701
0 0.744618 0.744618 0.131115 0.131115
0 0.468689 0.468689 0.483366 0.483366
0 0.727006 0.727006 0.005871 0.005871
0 0.681996 0.681018 0.029354 0.027397
0 0.384540 0.388454 0.651663 0.639922
0 0.614481 0.614481 0.199609 0.199609
0 0.572407 0.572407 0.248532 0.248532
0 0.658513 0.658513 0.138943 0.138943
0 0.538160 0.538160 0.367906 0.367906
0 0.446184 0.446184 0.794521 0.794521
0 0.466732 0.465753 0.718200 0.716243
0 0.569472 0.569472 0.528376 0.528376
0 0.841487 0.841487 0.031311 0.031311
0 0.677104 0.677104 0.317025 0.317025
0 0.813112 0.813112 0.091977 0.091977
0 0.772016 0.772016 0.178082 0.178082
0 0.609589 0.609589 0.467710 0.467710
0 0.659491 0.659491 0.379648 0.379648
0 0.877691 0.875734 0.072407 0.076321
0 0.485323 0.485323 0.630137 0.630137
0 0.459883 0.459883 0.551859 0.551859
0 0.811155 0.811155 0.150685 0.150685
0 0.454012 0.454012 0.011742 0.011742
0 0.554795 0.554795 0.158513 0.158513
0 0.393346 0.392368 0.583170 0.581213
0 0.545988 0.545988 0.645793 0.645793
0 0.500978 0.500978 0.645793 0.645793
0 0.384540 0.384540 0.354207 0.354207
0 0.393346 0.394325 0.328767 0.330724
0 0.595890 0.595890 0.025440 0.025440
0 0.304305 0.304305 0.217221 0.217221
0 0.249511 0.249511 0.166341 0.166341
