0 0.171233 0.170254 0.072407 0.074364
0 0.412916 0.411937 0.598826 0.600783
0 0.106654 0.105675 0.037182 0.035225
0 0.256360 0.255382 0.262231 0.264188
0 0.602740 0.603718 0.575342 0.577299
0 0.451076 0.451076 0.248532 0.248532
0 0.551859 0.552838 0.403131 0.405088
0 0.300391 0.299413 0.115460 0.113503
0 0.405088 0.404110 0.074364 0.076321
0 0.519569 0.518591 0.244618 0.242661
0 0.709393 0.708415 0.178082 0.180039
0 0.305284 0.305284 0.547945 0.547945
0 0.643836 0.643836 0.039139 0.039139
0 0.559687 0.558708 0.082192 0.080235
0 0.819961 0.818982 0.043053 0.041096
0 0.591977 0.590998 0.491194 0.489237
0 0.690802 0.690802 0.383562 0.383562
0 0.739726 0.740705 0.219178 0.217221
0 0.885519 0.884540 0.068493 0.066536
0 0.490215 0.489237 0.753425 0.751468
