0 0.176125 0.176125 0.003914 0.003914
0 0.276908 0.276908 0.197652 0.197652
0 0.400196 0.401174 0.491194 0.493151
0 0.484344 0.483366 0.620352 0.622309
0 0.100783 0.100783 0.076321 0.076321
0 0.376712 0.375734 0.334638 0.336595
0 0.558708 0.557730 0.299413 0.301370
0 0.496086 0.495108 0.205479 0.207436
0 0.274951 0.274951 0.307241 0.307241
0 0.348337 0.348337 0.176125 0.176125
0 0.631115 0.630137 0.448141 0.450098
0 0.532290 0.531311 0.266145 0.264188
0 0.669276 0.669276 0.062622 0.062622
0 0.609589 0.609589 0.041096 0.041096
0 0.484344 0.483366 0.440313 0.438356
0 0.758317 0.757339 0.205479 0.207436
0 0.661448 0.660470 0.477495 0.475538
0 0.752446 0.752446 0.272016 0.272016
0 0.828767 0.827789 0.099804 0.097847
0 0.547945 0.548924 0.649706 0.647750
0 0.476517 0.476517 0.776908 0.776908
0 0.911937 0.910959 0.046967 0.045010
0 0.227984 0.227984 0.362035 0.362035
0 0.446184 0.445205 0.547945 0.545988
