0 0.206458 0.206458 0.170254 0.170254
0 0.418787 0.415851 0.575342 0.581213
0 0.521526 0.520548 0.753425 0.755382
0 0.118395 0.117417 0.045010 0.043053
0 0.302348 0.302348 0.283757 0.283757
0 0.449119 0.449119 0.013699 0.013699
0 0.538160 0.537182 0.183953 0.185910
0 0.270059 0.269080 0.446184 0.444227
0 0.376712 0.375734 0.248532 0.246575
0 0.691781 0.690802 0.420744 0.422701
0 0.559687 0.558708 0.528376 0.526419
0 0.639922 0.638943 0.293542 0.291585
0 0.775930 0.775930 0.142857 0.142857
0 0.459883 0.459883 0.665362 0.665362
