0 0.248532 0.247554 0.191781 0.193738
0 0.401174 0.400196 0.493151 0.495108
0 0.335616 0.334638 0.358121 0.360078
0 0.186888 0.185910 0.017613 0.019569
0 0.091977 0.092955 0.148728 0.146771
0 0.560665 0.559687 0.729941 0.731898
0 0.488258 0.486301 0.643836 0.639922
0 0.668297 0.667319 0.534247 0.536204
0 0.394325 0.393346 0.037182 0.035225
0 0.292564 0.292564 0.213307 0.213307
0 0.463796 0.463796 0.082192 0.082192
0 0.567515 0.566536 0.285714 0.287671
0 0.599804 0.599804 0.369863 0.369863
0 0.425636 0.426614 0.502935 0.500978
0 0.516634 0.515656 0.367906 0.365949
0 0.570450 0.569472 0.221135 0.219178
0 0.665362 0.664384 0.003914 0.005871
0 0.506849 0.505871 0.763209 0.761252
0 0.897260 0.896282 0.060665 0.058708
0 0.618395 0.618395 0.575342 0.575342
0 0.839530 0.838552 0.156556 0.154599
0 0.727984 0.727006 0.383562 0.381605
