0 0.403131 0.402153 0.610568 0.612524
0 0.273973 0.272994 0.352250 0.354207
0 0.046967 0.046967 0.058708 0.058708
0 0.482387 0.480431 0.726027 0.729941
0 0.227984 0.227984 0.213307 0.213307
0 0.319961 0.319961 0.459883 0.459883
0 0.502935 0.502935 0.363992 0.363992
0 0.199609 0.198630 0.344423 0.342466
0 0.441292 0.440313 0.209393 0.211350
0 0.592955 0.591977 0.504892 0.506849
0 0.293542 0.293542 0.250489 0.250489
0 0.364971 0.364971 0.056751 0.056751
0 0.433464 0.434442 0.279843 0.277886
0 0.538160 0.537182 0.074364 0.072407
0 0.626223 0.626223 0.062622 0.062622
0 0.523483 0.523483 0.197652 0.197652
0 0.690802 0.690802 0.223092 0.223092
0 0.364971 0.364971 0.495108 0.495108
0 0.555773 0.555773 0.555773 0.555773
0 0.731898 0.731898 0.187867 0.187867
0 0.482387 0.481409 0.706458 0.704501
0 0.624266 0.624266 0.434442 0.434442
0 0.839530 0.840509 0.019569 0.021526
0 0.129159 0.128180 0.043053 0.041096
0 0.331703 0.331703 0.017613 0.017613
0 0.687867 0.686888 0.334638 0.332681
