0 0.367906 0.368885 0.551859 0.553816
0 0.299413 0.298434 0.371820 0.373777
0 0.218200 0.217221 0.178082 0.180039
0 0.177104 0.176125 0.025440 0.027397
0 0.096869 0.095890 0.178082 0.176125
0 0.258317 0.258317 0.230920 0.230920
0 0.392368 0.392368 0.029354 0.029354
0 0.339530 0.340509 0.099804 0.097847
0 0.588063 0.587084 0.467710 0.469667
0 0.524462 0.524462 0.344423 0.344423
0 0.692759 0.692759 0.234834 0.234834
0 0.621331 0.620352 0.088063 0.090020
0 0.595890 0.594912 0.068493 0.066536
0 0.500978 0.500000 0.289628 0.287671
0 0.325832 0.325832 0.530333 0.530333
0 0.878669 0.878669 0.019569 0.019569
0 0.786693 0.786693 0.043053 0.043053
0 0.575342 0.574364 0.669276 0.667319
0 0.475538 0.475538 0.857143 0.857143
0 0.605675 0.605675 0.495108 0.495108
0 0.701566 0.701566 0.268102 0.268102
0 0.732877 0.731898 0.244618 0.242661
