0 0.370841 0.369863 0.432485 0.430528
0 0.268102 0.267123 0.187867 0.189824
0 0.106654 0.105675 0.178082 0.176125
0 0.155577 0.156556 0.001957 0.000000
0 0.369863 0.368885 0.336595 0.338552
0 0.432485 0.433464 0.536204 0.538160
0 0.491194 0.490215 0.180039 0.181996
0 0.214286 0.213307 0.373777 0.371820
0 0.450098 0.449119 0.082192 0.084149
0 0.399217 0.399217 0.058708 0.058708
0 0.303327 0.302348 0.273973 0.272016
0 0.621331 0.620352 0.397260 0.399217
0 0.386497 0.385519 0.569472 0.567515
0 0.489237 0.489237 0.379648 0.379648
0 0.660470 0.659491 0.021526 0.019569
0 0.757339 0.757339 0.180039 0.180039
0 0.635029 0.636008 0.553816 0.551859
0 0.758317 0.758317 0.338552 0.338552
0 0.584149 0.583170 0.671233 0.669276
0 0.900196 0.899217 0.078278 0.076321
0 0.574364 0.570450 0.178082 0.181996
0 0.842466 0.841487 0.232877 0.230920
0 0.534247 0.533268 0.594912 0.596869
