0 0.236791 0.235812 0.383562 0.381605
0 0.329746 0.328767 0.628180 0.626223
0 0.202544 0.202544 0.311155 0.303327
0 0.698630 0.696673 0.293542 0.289628
0 0.496086 0.495108 0.283757 0.281800
0 0.741683 0.739726 0.195695 0.199609
0 0.663405 0.662427 0.399217 0.397260
0 0.693738 0.690802 0.099804 0.093933
0 0.373777 0.373777 0.043053 0.043053
0 0.565558 0.565558 0.160470 0.160470
0 0.371820 0.371820 0.489237 0.489237
0 0.455969 0.455969 0.352250 0.352250
0 0.308219 0.307241 0.217221 0.215264
0 0.601761 0.601761 0.428571 0.428571
0 0.678082 0.679061 0.542074 0.540117
0 0.403131 0.402153 0.046967 0.048924
0 0.201566 0.198630 0.023483 0.029354
0 0.248532 0.248532 0.187867 0.187867
0 0.108611 0.108611 0.009785 0.009785
0 0.371820 0.368885 0.379648 0.373777
0 0.469667 0.469667 0.641879 0.641879
0 0.576321 0.576321 0.557730 0.557730
0 0.480431 0.479452 0.213307 0.215264
0 0.528376 0.528376 0.277886 0.277886
0 0.592955 0.592955 0.082192 0.082192
0 0.547945 0.544031 0.653620 0.649706
0 0.455969 0.453033 0.724070 0.718200
0 0.800391 0.801370 0.101761 0.099804
