0 0.292564 0.293542 0.424658 0.426614
0 0.224070 0.223092 0.217221 0.219178
0 0.144814 0.144814 0.101761 0.101761
0 0.074364 0.073386 0.074364 0.072407
0 0.380626 0.379648 0.549902 0.551859
0 0.455969 0.456947 0.700587 0.702544
0 0.380626 0.379648 0.084149 0.086106
0 0.326810 0.326810 0.035225 0.035225
0 0.621331 0.620352 0.495108 0.497065
0 0.472603 0.471624 0.244618 0.246575
0 0.534247 0.535225 0.356164 0.358121
0 0.334638 0.333659 0.524462 0.522505
0 0.423679 0.422701 0.330724 0.328767
0 0.503914 0.502935 0.232877 0.230920
0 0.606654 0.607632 0.031311 0.029354
0 0.752446 0.751468 0.268102 0.270059
0 0.673190 0.674168 0.140900 0.142857
0 0.591977 0.590998 0.495108 0.493151
0 0.744618 0.743640 0.193738 0.191781
0 0.679061 0.678082 0.328767 0.326810
0 0.530333 0.529354 0.669276 0.667319
0 0.435421 0.436399 0.835616 0.833659
0 0.904110 0.903131 0.043053 0.045010
0 0.831703 0.829746 0.043053 0.046967
