0 0.861057 0.860078 0.062622 0.060665
0 0.475538 0.473581 0.908023 0.904110
0 0.350294 0.350294 0.587084 0.587084
0 0.552838 0.552838 0.624266 0.624266
0 0.535225 0.535225 0.765166 0.765166
0 0.104697 0.105675 0.001957 0.003914
0 0.665362 0.665362 0.454012 0.454012
0 0.721135 0.720157 0.318982 0.317025
0 0.525440 0.526419 0.166341 0.164384
0 0.618395 0.616438 0.109589 0.109589
0 0.452055 0.452055 0.317025 0.317025
0 0.777886 0.777886 0.244618 0.252446
0 0.667319 0.667319 0.125245 0.125245
0 0.407045 0.406067 0.156556 0.158513
0 0.407045 0.404110 0.058708 0.048924
0 0.225049 0.226027 0.277886 0.264188
0 0.168297 0.168297 0.046967 0.050881
0 0.408023 0.409002 0.467710 0.465753
0 0.337573 0.337573 0.373777 0.373777
0 0.399217 0.399217 0.512720 0.516634
0 0.445205 0.446184 0.628180 0.630137
0 0.499022 0.498043 0.230920 0.228963
0 0.273973 0.272994 0.066536 0.064579
