0 0.448141 0.447162 0.583170 0.585127
0 0.631115 0.632094 0.185910 0.183953
0 0.478474 0.478474 0.268102 0.268102
0 0.514677 0.514677 0.751468 0.751468
0 0.680039 0.680039 0.518591 0.518591
0 0.535225 0.525440 0.091977 0.111546
0 0.386497 0.383562 0.471624 0.473581
0 0.242661 0.241683 0.164384 0.162427
0 0.302348 0.301370 0.154599 0.152642
0 0.571429 0.570450 0.297456 0.299413
0 0.450098 0.449119 0.203523 0.201566
0 0.426614 0.426614 0.727984 0.727984
0 0.283757 0.271037 0.203523 0.178082
0 0.134051 0.151663 0.017613 0.017613
0 0.588063 0.590020 0.444227 0.440313
0 0.556751 0.540117 0.545988 0.579256
0 0.714286 0.717221 0.129159 0.127202
0 0.775930 0.761252 0.033268 0.039139
0 0.363992 0.363014 0.309198 0.307241
0 0.390411 0.390411 0.111546 0.111546
0 0.466732 0.462818 0.612524 0.604697
0 0.316047 0.325832 0.440313 0.436399
0 0.674168 0.674168 0.181996 0.181996
0 0.649706 0.648728 0.407045 0.405088
0 0.842466 0.841487 0.095890 0.097847
0 0.273973 0.272994 0.520548 0.518591
0 0.220157 0.221135 0.275930 0.273973
0 0.327789 0.327789 0.530333 0.530333
0 0.709393 0.709393 0.295499 0.295499
0 0.337573 0.336595 0.080235 0.082192
0 0.588063 0.588063 0.103718 0.103718
0 0.211350 0.210372 0.164384 0.166341
