0 0.272016 0.271037 0.000000 0.001957
0 0.371820 0.370841 0.242661 0.244618
0 0.322896 0.321918 0.191781 0.193738
0 0.198630 0.197652 0.111546 0.113503
0 0.430528 0.430528 0.442270 0.442270
0 0.139922 0.139922 0.256360 0.256360
0 0.233855 0.232877 0.260274 0.262231
0 0.284736 0.283757 0.275930 0.273973
0 0.413894 0.412916 0.142857 0.144814
0 0.408023 0.406067 0.107632 0.103718
0 0.649706 0.649706 0.367906 0.367906
0 0.596869 0.595890 0.215264 0.213307
0 0.446184 0.445205 0.011742 0.013699
0 0.292564 0.292564 0.338552 0.338552
0 0.341487 0.341487 0.232877 0.232877
0 0.519569 0.519569 0.131115 0.131115
0 0.686888 0.685910 0.031311 0.033268
0 0.450098 0.443249 0.493151 0.502935
0 0.640900 0.640900 0.142857 0.142857
0 0.389432 0.389432 0.634051 0.634051
0 0.771037 0.771037 0.152642 0.152642
0 0.745597 0.744618 0.320939 0.322896
0 0.820939 0.819961 0.185910 0.187867
0 0.523483 0.523483 0.808219 0.808219
0 0.867906 0.866928 0.088063 0.090020
0 0.625245 0.624266 0.585127 0.587084
0 0.756360 0.756360 0.318982 0.318982
0 0.660470 0.660470 0.448141 0.448141
0 0.569472 0.569472 0.727984 0.727984
0 0.897260 0.897260 0.095890 0.095890
0 0.896282 0.895303 0.117417 0.115460
0 0.472603 0.472603 0.471624 0.471624
0 0.504892 0.504892 0.540117 0.540117
