0 0.263209 0.262231 0.045010 0.043053
0 0.561644 0.561644 0.657534 0.657534
0 0.339530 0.338552 0.209393 0.211350
0 0.416830 0.415851 0.356164 0.358121
0 0.221135 0.216243 0.074364 0.064579
0 0.173190 0.171233 0.178082 0.174168
0 0.490215 0.490215 0.565558 0.565558
0 0.454990 0.454012 0.412916 0.410959
0 0.231898 0.231898 0.440313 0.440313
0 0.596869 0.596869 0.266145 0.266145
0 0.466732 0.466732 0.009785 0.009785
0 0.274951 0.274951 0.369863 0.369863
0 0.386497 0.386497 0.154599 0.154599
0 0.689824 0.688845 0.401174 0.399217
0 0.528376 0.528376 0.144814 0.144814
0 0.354207 0.354207 0.246575 0.246575
0 0.539139 0.539139 0.303327 0.303327
0 0.423679 0.423679 0.549902 0.549902
0 0.757339 0.757339 0.082192 0.082192
0 0.694716 0.693738 0.027397 0.029354
0 0.493151 0.493151 0.508806 0.508806
0 0.476517 0.476517 0.878669 0.878669
0 0.874755 0.874755 0.097847 0.097847
0 0.638943 0.637965 0.604697 0.606654
0 0.572407 0.571429 0.745597 0.747554
0 0.802348 0.801370 0.258317 0.260274
0 0.751468 0.751468 0.352250 0.352250
0 0.684932 0.683953 0.461840 0.459883
0 0.687867 0.686888 0.033268 0.035225
