0 0.030333 0.028376 0.025440 0.021526
0 0.175147 0.175147 0.264188 0.264188
0 0.250489 0.250489 0.410959 0.410959
0 0.420744 0.420744 0.774951 0.774951
0 0.116438 0.116438 0.033268 0.033268
0 0.235812 0.235812 0.135029 0.135029
0 0.333659 0.333659 0.350294 0.350294
0 0.443249 0.443249 0.549902 0.549902
0 0.380626 0.380626 0.412916 0.412916
0 0.406067 0.406067 0.479452 0.479452
0 0.271037 0.270059 0.178082 0.180039
0 0.399217 0.399217 0.223092 0.223092
0 0.548924 0.547945 0.522505 0.524462
0 0.261252 0.261252 0.088063 0.088063
0 0.520548 0.520548 0.434442 0.434442
0 0.475538 0.474560 0.344423 0.346380
0 0.197652 0.197652 0.258317 0.258317
0 0.449119 0.445205 0.264188 0.272016
0 0.546967 0.546967 0.283757 0.283757
0 0.425636 0.424658 0.041096 0.039139
0 0.586106 0.585127 0.318982 0.320939
0 0.652642 0.652642 0.436399 0.436399
0 0.377691 0.377691 0.129159 0.129159
0 0.492172 0.491194 0.099804 0.101761
0 0.258317 0.258317 0.414873 0.414873
0 0.314090 0.314090 0.037182 0.037182
0 0.273973 0.273973 0.313112 0.313112
0 0.344423 0.344423 0.183953 0.183953
0 0.458904 0.458904 0.025440 0.025440
0 0.635029 0.635029 0.162427 0.162427
0 0.708415 0.708415 0.324853 0.324853
0 0.579256 0.577299 0.046967 0.050881
0 0.409980 0.409980 0.303327 0.303327
0 0.343444 0.343444 0.064579 0.064579
0 0.545988 0.545988 0.011742 0.011742
0 0.297456 0.297456 0.567515 0.567515
0 0.367906 0.367906 0.395303 0.395303
0 0.477495 0.477495 0.168297 0.168297
0 0.744618 0.744618 0.369863 0.369863
0 0.509785 0.509785 0.103718 0.103718
0 0.439335 0.439335 0.264188 0.264188
0 0.519569 0.519569 0.401174 0.401174
0 0.687867 0.687867 0.005871 0.005871
0 0.404110 0.402153 0.561644 0.557730
0 0.432485 0.432485 0.497065 0.497065
0 0.635029 0.634051 0.095890 0.093933
0 0.364971 0.363992 0.624266 0.622309
0 0.484344 0.484344 0.428571 0.428571
0 0.788650 0.788650 0.023483 0.023483
0 0.762231 0.762231 0.107632 0.107632
0 0.628180 0.628180 0.414873 0.414873
0 0.685910 0.685910 0.244618 0.244618
0 0.461840 0.454012 0.720157 0.704501
0 0.670254 0.670254 0.299413 0.299413
0 0.479452 0.479452 0.681018 0.681018
0 0.559687 0.559687 0.528376 0.528376
0 0.606654 0.605675 0.489237 0.491194
0 0.539139 0.539139 0.592955 0.592955
0 0.491194 0.491194 0.590998 0.590998
0 0.578278 0.578278 0.573386 0.573386
0 0.555773 0.555773 0.340509 0.340509
0 0.621331 0.621331 0.193738 0.193738
0 0.818004 0.818004 0.007828 0.007828
0 0.762231 0.762231 0.107632 0.107632
0 0.734834 0.734834 0.166341 0.166341
