0 0.457926 0.455969 0.590998 0.594912
0 0.581213 0.579256 0.254403 0.254403
0 0.728963 0.728963 0.201566 0.201566
0 0.469667 0.469667 0.050881 0.050881
0 0.576321 0.576321 0.589041 0.589041
0 0.531311 0.530333 0.221135 0.223092
0 0.339530 0.335616 0.318982 0.322896
0 0.559687 0.560665 0.144814 0.142857
0 0.385519 0.385519 0.410959 0.410959
0 0.558708 0.556751 0.647750 0.651663
0 0.298434 0.297456 0.150685 0.148728
0 0.287671 0.286693 0.289628 0.287671
0 0.361057 0.360078 0.616438 0.614481
0 0.610568 0.610568 0.454012 0.454012
0 0.668297 0.668297 0.365949 0.365949
0 0.520548 0.516634 0.649706 0.641879
0 0.428571 0.427593 0.481409 0.479452
0 0.448141 0.447162 0.849315 0.847358
0 0.351272 0.351272 0.146771 0.146771
0 0.454990 0.454012 0.268102 0.266145
0 0.713307 0.712329 0.338552 0.340509
0 0.184932 0.178082 0.111546 0.097847
0 0.828767 0.827789 0.088063 0.086106
0 0.439335 0.431507 0.045010 0.060665
0 0.249511 0.248532 0.017613 0.019569
0 0.661448 0.662427 0.007828 0.009785
0 0.659491 0.657534 0.019569 0.019569
0 0.787671 0.772994 0.181996 0.207436
