0 0.284736 0.284736 0.322896 0.322896
0 0.446184 0.446184 0.567515 0.567515
0 0.225049 0.224070 0.109589 0.111546
0 0.358121 0.358121 0.395303 0.395303
0 0.538160 0.538160 0.681018 0.681018
0 0.640900 0.641879 0.459883 0.461840
0 0.287671 0.287671 0.297456 0.297456
0 0.442270 0.442270 0.027397 0.027397
0 0.394325 0.393346 0.142857 0.140900
0 0.521526 0.521526 0.197652 0.197652
0 0.446184 0.446184 0.356164 0.356164
0 0.695695 0.695695 0.084149 0.084149
0 0.376712 0.376712 0.526419 0.526419
0 0.772994 0.772994 0.207436 0.207436
0 0.803327 0.802348 0.275930 0.277886
0 0.605675 0.605675 0.048924 0.048924
0 0.727984 0.728963 0.250489 0.248532
0 0.504892 0.505871 0.747554 0.745597
0 0.592955 0.591977 0.598826 0.596869
0 0.883562 0.882583 0.033268 0.031311
