0 0.598826 0.598826 0.782779 0.782779
0 0.515656 0.512720 0.906067 0.900196
0 0.636008 0.634051 0.156556 0.156556
0 0.569472 0.569472 0.344423 0.344423
0 0.800391 0.798434 0.136986 0.136986
0 0.704501 0.704501 0.035225 0.035225
0 0.529354 0.527397 0.354207 0.354207
0 0.248532 0.248532 0.086106 0.086106
0 0.369863 0.367906 0.332681 0.332681
0 0.538160 0.536204 0.645793 0.645793
0 0.298434 0.298434 0.209393 0.209393
0 0.459883 0.459883 0.078278 0.078278
0 0.291585 0.289628 0.352250 0.352250
0 0.669276 0.667319 0.454012 0.454012
0 0.541096 0.541096 0.131115 0.131115
0 0.381605 0.381605 0.183953 0.183953
0 0.592955 0.590998 0.305284 0.305284
