0 0.227006 0.227006 0.254403 0.254403
0 0.405088 0.404110 0.610568 0.612524
0 0.145793 0.146771 0.115460 0.117417
0 0.040117 0.041096 0.060665 0.058708
0 0.489237 0.488258 0.774951 0.776908
0 0.303327 0.302348 0.422701 0.424658
0 0.581213 0.582192 0.422701 0.424658
0 0.499022 0.498043 0.293542 0.295499
0 0.193738 0.191781 0.320939 0.317025
0 0.294521 0.293542 0.119374 0.117417
0 0.430528 0.429550 0.133072 0.135029
0 0.379648 0.378669 0.078278 0.080235
0 0.398239 0.397260 0.440313 0.438356
0 0.427593 0.427593 0.307241 0.307241
0 0.708415 0.707436 0.246575 0.248532
0 0.650685 0.651663 0.412916 0.410959
0 0.823875 0.822896 0.125245 0.123288
0 0.891389 0.890411 0.017613 0.019569
0 0.600783 0.599804 0.003914 0.001957
0 0.551859 0.550881 0.050881 0.048924
