0 0.866928 0.866928 0.046967 0.046967
0 0.824853 0.823875 0.154599 0.152642
0 0.588063 0.586106 0.632094 0.632094
0 0.651663 0.649706 0.473581 0.473581
0 0.766145 0.766145 0.338552 0.338552
0 0.478474 0.478474 0.769080 0.769080
0 0.707436 0.707436 0.162427 0.162427
0 0.629159 0.627202 0.021526 0.021526
0 0.564579 0.562622 0.181996 0.181996
0 0.469667 0.468689 0.387476 0.389432
0 0.492172 0.492172 0.315068 0.315068
0 0.393346 0.393346 0.481409 0.481409
0 0.525440 0.523483 0.788650 0.788650
0 0.474560 0.472603 0.639922 0.639922
0 0.400196 0.400196 0.455969 0.455969
0 0.344423 0.343444 0.352250 0.354207
0 0.149706 0.147750 0.025440 0.025440
0 0.219178 0.219178 0.117417 0.117417
0 0.615460 0.615460 0.467710 0.467710
0 0.443249 0.443249 0.103718 0.103718
0 0.289628 0.289628 0.156556 0.156556
0 0.514677 0.514677 0.293542 0.293542
0 0.340509 0.338552 0.035225 0.035225
0 0.235812 0.234834 0.268102 0.266145
