0 0.224070 0.223092 0.377691 0.375734
0 0.056751 0.055773 0.031311 0.029354
0 0.112524 0.111546 0.197652 0.199609
0 0.046967 0.045988 0.003914 0.001957
0 0.185910 0.185910 0.270059 0.270059
0 0.359100 0.358121 0.675147 0.673190
0 0.274951 0.273973 0.495108 0.497065
0 0.408023 0.407045 0.291585 0.289628
0 0.511742 0.511742 0.530333 0.530333
0 0.259295 0.259295 0.037182 0.037182
0 0.179061 0.179061 0.170254 0.170254
0 0.466732 0.466732 0.416830 0.416830
0 0.682975 0.682975 0.414873 0.414873
0 0.380626 0.380626 0.209393 0.209393
0 0.611546 0.611546 0.236791 0.236791
0 0.429550 0.429550 0.064579 0.064579
0 0.555773 0.555773 0.129159 0.129159
0 0.267123 0.266145 0.487280 0.489237
0 0.479452 0.478474 0.062622 0.060665
0 0.482387 0.481409 0.056751 0.054795
0 0.323875 0.323875 0.373777 0.373777
0 0.403131 0.402153 0.622309 0.624266
0 0.741683 0.741683 0.050881 0.050881
0 0.619374 0.618395 0.205479 0.203523
0 0.572407 0.572407 0.303327 0.303327
0 0.502935 0.502935 0.461840 0.461840
0 0.692759 0.692759 0.007828 0.007828
0 0.615460 0.614481 0.659491 0.661448
0 0.913894 0.913894 0.046967 0.046967
0 0.691781 0.690802 0.495108 0.493151
0 0.769080 0.768102 0.348337 0.346380
0 0.573386 0.568493 0.778865 0.769080
0 0.525440 0.523483 0.882583 0.878669
0 0.842466 0.842466 0.138943 0.138943
