0 0.330724 0.330724 0.563601 0.567515
0 0.205479 0.205479 0.387476 0.387476
0 0.636008 0.636008 0.504892 0.508806
0 0.629159 0.629159 0.518591 0.518591
0 0.517613 0.517613 0.228963 0.228963
0 0.282779 0.282779 0.025440 0.025440
0 0.720157 0.720157 0.195695 0.195695
0 0.656556 0.657534 0.150685 0.148728
0 0.608611 0.608611 0.203523 0.203523
0 0.225049 0.225049 0.360078 0.360078
0 0.448141 0.447162 0.097847 0.099804
0 0.557730 0.557730 0.360078 0.360078
0 0.104697 0.104697 0.146771 0.146771
0 0.519569 0.520548 0.475538 0.473581
0 0.408023 0.407045 0.581213 0.579256
0 0.486301 0.486301 0.350294 0.350294
