0 0.838552 0.837573 0.052838 0.054795
0 0.778865 0.777886 0.383562 0.381605
0 0.833659 0.832681 0.250489 0.248532
0 0.432485 0.432485 0.481409 0.481409
0 0.232877 0.233855 0.281800 0.295499
0 0.250489 0.254403 0.293542 0.293542
0 0.520548 0.520548 0.825832 0.825832
0 0.285714 0.278865 0.007828 0.001957
0 0.699609 0.698630 0.483366 0.481409
0 0.531311 0.530333 0.467710 0.465753
0 0.546967 0.542074 0.342466 0.344423
0 0.442270 0.442270 0.637965 0.637965
0 0.609589 0.608611 0.131115 0.133072
0 0.513699 0.512720 0.698630 0.700587
0 0.156556 0.156556 0.219178 0.219178
0 0.556751 0.556751 0.001957 0.001957
0 0.579256 0.578278 0.203523 0.201566
0 0.489237 0.488258 0.242661 0.244618
0 0.660470 0.659491 0.236791 0.238748
0 0.175147 0.177104 0.103718 0.119374
0 0.575342 0.577299 0.477495 0.485323
0 0.508806 0.508806 0.125245 0.125245
0 0.232877 0.231898 0.250489 0.248532
0 0.514677 0.516634 0.814090 0.767123
0 0.628180 0.627202 0.101761 0.099804
0 0.724070 0.724070 0.011742 0.011742
0 0.317025 0.304305 0.414873 0.424658
0 0.490215 0.490215 0.647750 0.647750
0 0.324853 0.324853 0.442270 0.442270
0 0.580235 0.581213 0.389432 0.387476
0 0.429550 0.428571 0.142857 0.144814
0 0.356164 0.356164 0.015656 0.015656
0 0.062622 0.062622 0.023483 0.023483
0 0.411937 0.411937 0.765166 0.765166
0 0.412916 0.412916 0.317025 0.317025
0 0.642857 0.641879 0.659491 0.661448
0 0.436399 0.432485 0.160470 0.152642
0 0.429550 0.424658 0.221135 0.223092
