0 0.544031 0.544031 0.324853 0.328767
0 0.486301 0.483366 0.827789 0.833659
0 0.816047 0.813112 0.019569 0.021526
0 0.550881 0.550881 0.111546 0.111546
0 0.660470 0.658513 0.303327 0.295499
0 0.741683 0.740705 0.148728 0.150685
0 0.646771 0.646771 0.025440 0.017613
0 0.433464 0.432485 0.013699 0.011742
0 0.148728 0.148728 0.129159 0.125245
0 0.348337 0.355186 0.598826 0.589041
0 0.489237 0.483366 0.242661 0.230920
0 0.500000 0.502935 0.178082 0.183953
0 0.582192 0.582192 0.616438 0.616438
0 0.799413 0.799413 0.076321 0.076321
0 0.722114 0.720157 0.211350 0.211350
0 0.547945 0.571429 0.387476 0.387476
0 0.291585 0.291585 0.097847 0.097847
0 0.633072 0.632094 0.424658 0.426614
0 0.687867 0.687867 0.048924 0.048924
0 0.354207 0.354207 0.219178 0.219178
0 0.294521 0.293542 0.264188 0.262231
0 0.229941 0.229941 0.283757 0.283757
0 0.622309 0.610568 0.536204 0.559687
0 0.798434 0.794521 0.297456 0.293542
0 0.496086 0.495108 0.526419 0.528376
0 0.463796 0.463796 0.430528 0.430528
0 0.486301 0.485323 0.432485 0.430528
0 0.368885 0.368885 0.573386 0.573386
0 0.725049 0.725049 0.279843 0.279843
0 0.437378 0.437378 0.420744 0.420744
