0 0.181996 0.181018 0.074364 0.072407
0 0.318982 0.316047 0.199609 0.209393
0 0.324853 0.323875 0.133072 0.131115
0 0.618395 0.632094 0.465753 0.461840
0 0.496086 0.498043 0.201566 0.205479
0 0.420744 0.420744 0.058708 0.058708
0 0.460861 0.460861 0.585127 0.585127
0 0.742661 0.735812 0.174168 0.172211
0 0.434442 0.437378 0.461840 0.463796
0 0.624266 0.623288 0.446184 0.444227
0 0.492172 0.492172 0.667319 0.667319
0 0.772016 0.772016 0.029354 0.029354
0 0.561644 0.560665 0.340509 0.342466
0 0.576321 0.581213 0.686888 0.684932
0 0.492172 0.492172 0.675147 0.675147
0 0.496086 0.496086 0.389432 0.389432
0 0.694716 0.702544 0.070450 0.062622
0 0.585127 0.584149 0.430528 0.428571
0 0.620352 0.615460 0.172211 0.181996
0 0.344423 0.340509 0.610568 0.614481
0 0.518591 0.514677 0.187867 0.180039
0 0.245597 0.244618 0.311155 0.309198
0 0.237769 0.236791 0.072407 0.074364
0 0.720157 0.720157 0.352250 0.352250
0 0.753425 0.751468 0.152642 0.152642
0 0.424658 0.422701 0.426614 0.426614
0 0.736791 0.735812 0.178082 0.176125
0 0.354207 0.352250 0.183953 0.183953
