0 0.389432 0.388454 0.473581 0.475538
0 0.206458 0.205479 0.111546 0.113503
0 0.283757 0.282779 0.230920 0.232877
0 0.590020 0.589041 0.303327 0.305284
0 0.642857 0.642857 0.475538 0.475538
0 0.438356 0.438356 0.070450 0.070450
0 0.306262 0.305284 0.272016 0.270059
0 0.778865 0.779843 0.215264 0.217221
0 0.613503 0.612524 0.056751 0.054795
0 0.548924 0.547945 0.205479 0.203523
0 0.381605 0.380626 0.724070 0.722114
0 0.479452 0.480431 0.348337 0.346380
0 0.865949 0.864971 0.037182 0.035225
0 0.498043 0.498043 0.788650 0.788650
0 0.656556 0.655577 0.632094 0.630137
0 0.793542 0.791585 0.260274 0.256360
0 0.568493 0.569472 0.686888 0.684932
