0 0.581213 0.581213 0.407045 0.407045
0 0.461840 0.460861 0.590998 0.592955
0 0.244618 0.243640 0.336595 0.338552
0 0.337573 0.336595 0.346380 0.344423
0 0.544031 0.543053 0.833659 0.831703
0 0.523483 0.522505 0.115460 0.113503
0 0.267123 0.267123 0.021526 0.021526
0 0.099804 0.100783 0.003914 0.005871
0 0.875734 0.875734 0.162427 0.162427
0 0.636986 0.636008 0.565558 0.587084
0 0.772994 0.779843 0.121331 0.119374
0 0.741683 0.741683 0.121331 0.121331
0 0.413894 0.413894 0.228963 0.228963
0 0.823875 0.823875 0.266145 0.266145
0 0.515656 0.511742 0.495108 0.499022
0 0.678082 0.678082 0.260274 0.260274
0 0.344423 0.344423 0.442270 0.442270
0 0.436399 0.435421 0.524462 0.526419
0 0.569472 0.569472 0.379648 0.379648
0 0.399217 0.398239 0.027397 0.025440
0 0.457926 0.461840 0.567515 0.559687
0 0.671233 0.667319 0.254403 0.254403
0 0.584149 0.583170 0.166341 0.172211
0 0.195695 0.193738 0.152642 0.156556
0 0.231898 0.225049 0.217221 0.219178
0 0.205479 0.204501 0.219178 0.217221
0 0.350294 0.350294 0.493151 0.493151
0 0.764188 0.763209 0.326810 0.324853
0 0.475538 0.474560 0.293542 0.295499
0 0.829746 0.829746 0.117417 0.117417
0 0.636008 0.635029 0.610568 0.608611
0 0.466732 0.466732 0.632094 0.636008
0 0.486301 0.486301 0.291585 0.287671
0 0.597847 0.598826 0.037182 0.058708
0 0.452055 0.445205 0.195695 0.201566
