0 0.152642 0.151663 0.254403 0.256360
0 0.076321 0.076321 0.093933 0.093933
0 0.269080 0.269080 0.452055 0.452055
0 0.499022 0.498043 0.829746 0.831703
0 0.415851 0.414873 0.714286 0.716243
0 0.314090 0.314090 0.522505 0.522505
0 0.215264 0.214286 0.293542 0.291585
0 0.282779 0.281800 0.045010 0.043053
0 0.252446 0.251468 0.176125 0.174168
0 0.484344 0.483366 0.326810 0.328767
0 0.638943 0.638943 0.569472 0.569472
0 0.657534 0.656556 0.215264 0.217221
0 0.313112 0.313112 0.544031 0.544031
0 0.618395 0.617417 0.117417 0.119374
0 0.425636 0.426614 0.240705 0.238748
0 0.351272 0.350294 0.436399 0.434442
0 0.499022 0.498043 0.148728 0.146771
0 0.536204 0.535225 0.622309 0.620352
0 0.738748 0.738748 0.213307 0.213307
0 0.677104 0.674168 0.371820 0.365949
0 0.566536 0.566536 0.518591 0.518591
0 0.813112 0.814090 0.009785 0.007828
0 0.559687 0.560665 0.516634 0.518591
