0 0.451076 0.450098 0.659491 0.657534
0 0.523483 0.522505 0.088063 0.086106
0 0.839530 0.839530 0.133072 0.133072
0 0.496086 0.495108 0.228963 0.227006
0 0.105675 0.102740 0.113503 0.119374
0 0.218200 0.218200 0.350294 0.350294
0 0.313112 0.313112 0.305284 0.305284
0 0.145793 0.145793 0.013699 0.013699
0 0.773973 0.773973 0.041096 0.041096
0 0.550881 0.548924 0.385519 0.385519
0 0.591977 0.590020 0.052838 0.056751
0 0.563601 0.563601 0.430528 0.430528
0 0.686888 0.685910 0.199609 0.201566
0 0.192759 0.192759 0.013699 0.013699
0 0.734834 0.734834 0.283757 0.283757
0 0.396282 0.396282 0.037182 0.037182
0 0.440313 0.438356 0.821918 0.821918
0 0.595890 0.595890 0.495108 0.495108
0 0.617417 0.617417 0.217221 0.217221
0 0.532290 0.533268 0.735812 0.733855
0 0.515656 0.514677 0.565558 0.567515
0 0.452055 0.452055 0.590998 0.590998
0 0.643836 0.642857 0.140900 0.150685
0 0.425636 0.425636 0.330724 0.326810
0 0.416830 0.416830 0.438356 0.438356
0 0.482387 0.470646 0.256360 0.228963
0 0.328767 0.327789 0.066536 0.068493
0 0.298434 0.297456 0.213307 0.191781
0 0.315068 0.316047 0.438356 0.436399
