0 0.441292 0.441292 0.573386 0.573386
0 0.143836 0.143836 0.064579 0.064579
0 0.343444 0.343444 0.350294 0.350294
0 0.217221 0.217221 0.125245 0.125245
0 0.415851 0.414873 0.072407 0.074364
0 0.273973 0.273973 0.320939 0.320939
0 0.242661 0.241683 0.477495 0.475538
0 0.570450 0.569472 0.228963 0.230920
0 0.361057 0.360078 0.119374 0.117417
0 0.645793 0.644814 0.399217 0.401174
0 0.452055 0.451076 0.532290 0.530333
0 0.563601 0.562622 0.371820 0.369863
0 0.654599 0.653620 0.189824 0.187867
0 0.740705 0.740705 0.033268 0.033268
