0 0.230920 0.229941 0.250489 0.252446
0 0.084149 0.084149 0.023483 0.023483
0 0.318004 0.317025 0.393346 0.395303
0 0.436399 0.436399 0.688845 0.688845
0 0.500000 0.500000 0.816047 0.816047
0 0.404110 0.403131 0.561644 0.559687
0 0.182975 0.183953 0.228963 0.227006
0 0.479452 0.479452 0.254403 0.254403
0 0.331703 0.332681 0.009785 0.007828
0 0.426614 0.426614 0.105675 0.105675
0 0.573386 0.573386 0.446184 0.446184
0 0.465753 0.465753 0.242661 0.242661
0 0.333659 0.334638 0.526419 0.524462
0 0.547945 0.546967 0.133072 0.131115
0 0.663405 0.662427 0.180039 0.181996
0 0.396282 0.397260 0.354207 0.352250
0 0.616438 0.616438 0.046967 0.046967
0 0.793542 0.793542 0.272016 0.272016
0 0.554795 0.554795 0.483366 0.483366
0 0.518591 0.518591 0.684932 0.684932
0 0.873777 0.873777 0.033268 0.033268
0 0.644814 0.643836 0.397260 0.395303
0 0.416830 0.417808 0.802348 0.800391
0 0.792564 0.791585 0.054795 0.052838
