0 0.136008 0.135029 0.048924 0.046967
0 0.101761 0.100783 0.156556 0.154599
0 0.217221 0.217221 0.133072 0.133072
0 0.363014 0.363014 0.475538 0.475538
0 0.427593 0.427593 0.538160 0.538160
0 0.515656 0.516634 0.726027 0.727984
0 0.260274 0.261252 0.254403 0.256360
0 0.361057 0.362035 0.064579 0.062622
0 0.404110 0.405088 0.001957 0.000000
0 0.634051 0.633072 0.497065 0.499022
0 0.478474 0.476517 0.115460 0.119374
0 0.675147 0.675147 0.082192 0.082192
0 0.544031 0.543053 0.207436 0.205479
0 0.589041 0.588063 0.093933 0.091977
0 0.590020 0.590020 0.592955 0.592955
0 0.799413 0.798434 0.162427 0.160470
0 0.667319 0.667319 0.540117 0.540117
0 0.878669 0.879648 0.011742 0.013699
0 0.739726 0.740705 0.281800 0.279843
0 0.515656 0.516634 0.761252 0.759295
