0 0.223092 0.222114 0.176125 0.178082
0 0.402153 0.401174 0.530333 0.532290
0 0.125245 0.125245 0.007828 0.007828
0 0.446184 0.445205 0.634051 0.636008
0 0.239726 0.238748 0.213307 0.211350
0 0.299413 0.299413 0.093933 0.093933
0 0.539139 0.539139 0.381605 0.381605
0 0.636008 0.636986 0.575342 0.577299
0 0.362035 0.363014 0.031311 0.033268
0 0.473581 0.473581 0.230920 0.230920
0 0.398239 0.398239 0.365949 0.365949
0 0.732877 0.732877 0.236791 0.236791
0 0.466732 0.465753 0.272016 0.270059
0 0.767123 0.766145 0.289628 0.291585
0 0.587084 0.584149 0.043053 0.048924
0 0.329746 0.328767 0.553816 0.551859
0 0.667319 0.666341 0.086106 0.088063
0 0.512720 0.511742 0.704501 0.702544
0 0.615460 0.614481 0.483366 0.481409
