0 0.280822 0.279843 0.318982 0.320939
0 0.219178 0.219178 0.168297 0.168297
0 0.435421 0.434442 0.596869 0.598826
0 0.151663 0.150685 0.021526 0.023483
0 0.538160 0.537182 0.739726 0.741683
0 0.339530 0.340509 0.475538 0.477495
0 0.506849 0.506849 0.696673 0.696673
0 0.513699 0.514677 0.264188 0.266145
0 0.673190 0.673190 0.559687 0.559687
0 0.286693 0.285714 0.072407 0.070450
0 0.253425 0.254403 0.236791 0.234834
0 0.431507 0.431507 0.193738 0.193738
0 0.397260 0.398239 0.097847 0.099804
0 0.531311 0.531311 0.052838 0.052838
0 0.499022 0.498043 0.270059 0.268102
0 0.342466 0.342466 0.497065 0.497065
0 0.761252 0.759295 0.262231 0.266145
0 0.457926 0.457926 0.363992 0.363992
0 0.706458 0.706458 0.223092 0.223092
0 0.339530 0.339530 0.636008 0.636008
0 0.609589 0.608611 0.029354 0.031311
0 0.629159 0.630137 0.452055 0.450098
0 0.902153 0.901174 0.058708 0.060665
0 0.541096 0.540117 0.585127 0.583170
0 0.739726 0.740705 0.242661 0.240705
