0 0.085127 0.085127 0.072407 0.072407
0 0.235812 0.236791 0.205479 0.207436
0 0.417808 0.416830 0.538160 0.540117
0 0.144814 0.143836 0.023483 0.025440
0 0.356164 0.356164 0.403131 0.403131
0 0.615460 0.615460 0.491194 0.491194
0 0.306262 0.306262 0.181996 0.181996
0 0.602740 0.602740 0.379648 0.379648
0 0.351272 0.350294 0.029354 0.027397
0 0.206458 0.205479 0.346380 0.344423
0 0.597847 0.597847 0.088063 0.088063
0 0.716243 0.716243 0.140900 0.140900
0 0.514677 0.513699 0.301370 0.299413
0 0.552838 0.552838 0.659491 0.659491
0 0.798434 0.797456 0.203523 0.201566
0 0.698630 0.698630 0.383562 0.383562
0 0.643836 0.643836 0.532290 0.532290
0 0.481409 0.481409 0.853229 0.853229
0 0.899217 0.899217 0.060665 0.060665
