0 0.352250 0.352250 0.125245 0.125245
0 0.193738 0.193738 0.352250 0.352250
0 0.241683 0.240705 0.315068 0.317025
0 0.123288 0.122309 0.019569 0.017613
0 0.344423 0.344423 0.395303 0.395303
0 0.200587 0.199609 0.127202 0.129159
0 0.313112 0.313112 0.356164 0.356164
0 0.387476 0.387476 0.544031 0.544031
0 0.416830 0.416830 0.575342 0.575342
0 0.491194 0.491194 0.712329 0.712329
0 0.549902 0.549902 0.802348 0.802348
0 0.319961 0.318982 0.318982 0.320939
0 0.266145 0.263209 0.046967 0.052838
0 0.493151 0.493151 0.438356 0.438356
0 0.310176 0.310176 0.064579 0.064579
0 0.231898 0.231898 0.095890 0.095890
0 0.392368 0.390411 0.205479 0.209393
0 0.565558 0.565558 0.587084 0.587084
0 0.454990 0.454990 0.373777 0.373777
0 0.617417 0.617417 0.643836 0.643836
0 0.170254 0.170254 0.242661 0.242661
0 0.409002 0.408023 0.043053 0.041096
0 0.298434 0.298434 0.193738 0.193738
0 0.643836 0.643836 0.450098 0.450098
0 0.272016 0.272016 0.277886 0.277886
0 0.348337 0.348337 0.156556 0.156556
0 0.582192 0.582192 0.330724 0.330724
0 0.461840 0.461840 0.035225 0.035225
0 0.681996 0.681996 0.514677 0.514677
0 0.379648 0.379648 0.360078 0.360078
0 0.474560 0.474560 0.131115 0.131115
0 0.576321 0.576321 0.131115 0.131115
0 0.513699 0.513699 0.025440 0.025440
0 0.687867 0.687867 0.213307 0.213307
0 0.737769 0.736791 0.340509 0.338552
0 0.400196 0.400196 0.604697 0.604697
0 0.705479 0.705479 0.060665 0.060665
0 0.500978 0.500978 0.340509 0.340509
0 0.633072 0.633072 0.185910 0.185910
0 0.650685 0.650685 0.095890 0.095890
0 0.797456 0.797456 0.142857 0.142857
0 0.685910 0.685910 0.017613 0.017613
0 0.588063 0.588063 0.248532 0.248532
0 0.522505 0.519569 0.665362 0.659491
0 0.692759 0.692759 0.289628 0.289628
0 0.883562 0.881605 0.084149 0.088063
0 0.672211 0.671233 0.342466 0.344423
0 0.842466 0.842466 0.001957 0.001957
0 0.626223 0.626223 0.426614 0.426614
0 0.813112 0.812133 0.029354 0.027397
0 0.593933 0.593933 0.518591 0.518591
0 0.744618 0.744618 0.185910 0.185910
0 0.774951 0.774951 0.097847 0.097847
0 0.746575 0.745597 0.283757 0.281800
0 0.767123 0.767123 0.395303 0.395303
0 0.846380 0.845401 0.268102 0.266145
0 0.874755 0.874755 0.164384 0.164384
0 0.919765 0.919765 0.136986 0.136986
0 0.686888 0.685910 0.536204 0.538160
0 0.517613 0.516634 0.941292 0.939335
0 0.237769 0.236791 0.397260 0.395303
0 0.320939 0.320939 0.481409 0.481409
0 0.334638 0.334638 0.375734 0.375734
0 0.641879 0.641879 0.136986 0.136986
0 0.561644 0.560665 0.007828 0.009785
0 0.472603 0.472603 0.197652 0.197652
0 0.494129 0.493151 0.416830 0.418787
0 0.469667 0.469667 0.508806 0.508806
