0 0.528376 0.528376 0.727984 0.731898
0 0.559687 0.559687 0.594912 0.594912
0 0.345401 0.339530 0.076321 0.064579
0 0.621331 0.614481 0.346380 0.332681
0 0.654599 0.655577 0.060665 0.062622
0 0.636986 0.635029 0.534247 0.534247
0 0.732877 0.732877 0.252446 0.252446
0 0.557730 0.557730 0.254403 0.254403
0 0.687867 0.686888 0.526419 0.528376
0 0.673190 0.672211 0.348337 0.346380
0 0.330724 0.328767 0.590998 0.590998
0 0.493151 0.493151 0.504892 0.504892
0 0.470646 0.470646 0.362035 0.362035
0 0.252446 0.252446 0.313112 0.313112
0 0.196673 0.195695 0.115460 0.117417
0 0.368885 0.368885 0.393346 0.393346
0 0.223092 0.223092 0.000000 0.000000
0 0.840509 0.832681 0.009785 0.005871
0 0.736791 0.735812 0.088063 0.090020
0 0.335616 0.335616 0.268102 0.268102
0 0.783757 0.771037 0.201566 0.227006
0 0.294521 0.293542 0.045010 0.043053
0 0.325832 0.325832 0.209393 0.209393
0 0.543053 0.542074 0.213307 0.211350
0 0.761252 0.761252 0.250489 0.250489
0 0.405088 0.403131 0.465753 0.465753
0 0.445205 0.444227 0.033268 0.035225
0 0.513699 0.513699 0.577299 0.577299
0 0.620352 0.617417 0.101761 0.095890
