0 0.143836 0.144814 0.021526 0.023483
0 0.445205 0.445205 0.600783 0.600783
0 0.493151 0.493151 0.755382 0.755382
0 0.236791 0.236791 0.105675 0.105675
0 0.378669 0.378669 0.459883 0.459883
0 0.281800 0.282779 0.136986 0.135029
0 0.568493 0.567515 0.334638 0.336595
0 0.236791 0.235812 0.340509 0.338552
0 0.450098 0.449119 0.113503 0.115460
0 0.393346 0.391389 0.074364 0.070450
0 0.617417 0.617417 0.479452 0.479452
0 0.684932 0.685910 0.090020 0.091977
0 0.622309 0.621331 0.062622 0.060665
0 0.760274 0.760274 0.146771 0.146771
0 0.651663 0.650685 0.485323 0.483366
0 0.884540 0.884540 0.000000 0.000000
0 0.786693 0.785714 0.199609 0.197652
0 0.577299 0.576321 0.571429 0.569472
0 0.492172 0.489237 0.745597 0.739726
0 0.826810 0.826810 0.076321 0.076321
0 0.092955 0.092955 0.138943 0.138943
0 0.522505 0.518591 0.180039 0.183953
