0 0.281800 0.281800 0.273973 0.273973
0 0.354207 0.354207 0.407045 0.407045
0 0.400196 0.400196 0.495108 0.495108
0 0.501957 0.500978 0.737769 0.739726
0 0.205479 0.205479 0.097847 0.097847
0 0.511742 0.511742 0.275930 0.275930
0 0.439335 0.439335 0.103718 0.103718
0 0.350294 0.350294 0.113503 0.113503
0 0.586106 0.586106 0.358121 0.358121
0 0.499022 0.498043 0.254403 0.252446
0 0.439335 0.438356 0.448141 0.446184
0 0.351272 0.351272 0.624266 0.624266
0 0.800391 0.799413 0.230920 0.232877
0 0.667319 0.666341 0.367906 0.365949
0 0.833659 0.832681 0.117417 0.115460
0 0.457926 0.456947 0.841487 0.839530
0 0.892368 0.892368 0.023483 0.023483
0 0.737769 0.738748 0.211350 0.209393
0 0.551859 0.551859 0.641879 0.641879
