0 0.526419 0.526419 0.250489 0.246575
0 0.449119 0.449119 0.064579 0.064579
0 0.384540 0.384540 0.005871 0.005871
0 0.497065 0.496086 0.180039 0.181996
0 0.800391 0.797456 0.172211 0.178082
0 0.720157 0.720157 0.117417 0.117417
0 0.555773 0.552838 0.399217 0.405088
0 0.387476 0.386497 0.489237 0.491194
0 0.440313 0.438356 0.594912 0.594912
0 0.504892 0.505871 0.743640 0.745597
0 0.332681 0.332681 0.180039 0.180039
0 0.331703 0.330724 0.264188 0.266145
0 0.133072 0.131115 0.011742 0.007828
0 0.086106 0.086106 0.160470 0.160470
0 0.814090 0.814090 0.129159 0.129159
0 0.555773 0.550881 0.669276 0.679061
0 0.579256 0.579256 0.540117 0.540117
0 0.512720 0.510763 0.790607 0.786693
0 0.476517 0.476517 0.428571 0.428571
0 0.593933 0.593933 0.060665 0.060665
0 0.635029 0.634051 0.463796 0.465753
0 0.163405 0.164384 0.029354 0.031311
0 0.217221 0.217221 0.309198 0.309198
0 0.749511 0.749511 0.285714 0.285714
0 0.859100 0.858121 0.007828 0.005871
0 0.262231 0.262231 0.234834 0.234834
0 0.431507 0.425636 0.514677 0.506849
0 0.374755 0.370841 0.600783 0.612524
0 0.650685 0.648728 0.025440 0.029354
