0 0.262231 0.263209 0.262231 0.264188
0 0.120352 0.119374 0.045010 0.043053
0 0.190802 0.191781 0.009785 0.011742
0 0.470646 0.470646 0.671233 0.671233
0 0.381605 0.382583 0.363992 0.365949
0 0.470646 0.469667 0.142857 0.144814
0 0.312133 0.312133 0.213307 0.213307
0 0.537182 0.536204 0.279843 0.281800
0 0.415851 0.415851 0.033268 0.033268
0 0.244618 0.244618 0.277886 0.277886
0 0.610568 0.610568 0.442270 0.442270
0 0.494129 0.494129 0.287671 0.287671
0 0.726027 0.727006 0.156556 0.158513
0 0.592955 0.591977 0.121331 0.119374
0 0.676125 0.676125 0.025440 0.025440
0 0.438356 0.438356 0.442270 0.442270
0 0.368885 0.368885 0.573386 0.573386
0 0.610568 0.611546 0.524462 0.522505
0 0.553816 0.553816 0.696673 0.696673
0 0.488258 0.489237 0.757339 0.755382
0 0.800391 0.799413 0.215264 0.213307
0 0.735812 0.735812 0.422701 0.422701
0 0.406067 0.407045 0.569472 0.571429
