0 0.239726 0.238748 0.377691 0.375734
0 0.332681 0.331703 0.622309 0.620352
0 0.205479 0.205479 0.305284 0.297456
0 0.701566 0.699609 0.287671 0.283757
0 0.499022 0.498043 0.277886 0.275930
0 0.744618 0.742661 0.189824 0.193738
0 0.666341 0.665362 0.393346 0.391389
0 0.696673 0.693738 0.105675 0.099804
0 0.376712 0.376712 0.037182 0.037182
0 0.568493 0.568493 0.154599 0.154599
0 0.374755 0.374755 0.483366 0.483366
0 0.458904 0.458904 0.346380 0.346380
0 0.311155 0.310176 0.211350 0.209393
0 0.604697 0.604697 0.434442 0.434442
0 0.681018 0.681996 0.547945 0.545988
0 0.406067 0.405088 0.052838 0.054795
0 0.204501 0.201566 0.029354 0.035225
0 0.251468 0.251468 0.193738 0.193738
0 0.111546 0.111546 0.015656 0.015656
0 0.374755 0.371820 0.385519 0.379648
0 0.472603 0.472603 0.647750 0.647750
0 0.579256 0.579256 0.551859 0.551859
0 0.483366 0.482387 0.219178 0.221135
0 0.531311 0.531311 0.283757 0.283757
0 0.595890 0.595890 0.076321 0.076321
0 0.550881 0.546967 0.647750 0.643836
0 0.458904 0.455969 0.718200 0.712329
0 0.803327 0.804305 0.095890 0.093933
