0 0.325832 0.326810 0.436399 0.438356
0 0.193738 0.192759 0.246575 0.248532
0 0.405088 0.404110 0.641879 0.643836
0 0.454990 0.455969 0.780822 0.782779
0 0.118395 0.117417 0.091977 0.093933
0 0.094912 0.093933 0.009785 0.007828
0 0.545988 0.545010 0.465753 0.467710
0 0.412916 0.412916 0.187867 0.187867
0 0.492172 0.491194 0.334638 0.336595
0 0.622309 0.621331 0.583170 0.585127
0 0.330724 0.329746 0.035225 0.033268
0 0.295499 0.281800 0.152642 0.125245
0 0.233855 0.232877 0.311155 0.309198
0 0.636008 0.636008 0.136986 0.136986
0 0.482387 0.482387 0.181996 0.181996
0 0.700587 0.699609 0.125245 0.127202
0 0.753425 0.753425 0.301370 0.301370
0 0.426614 0.426614 0.352250 0.352250
0 0.344423 0.343444 0.524462 0.522505
0 0.543053 0.543053 0.542074 0.542074
0 0.776908 0.777886 0.101761 0.099804
0 0.863992 0.863014 0.056751 0.058708
0 0.632094 0.631115 0.434442 0.432485
0 0.703523 0.703523 0.272016 0.272016
0 0.470646 0.469667 0.839530 0.837573
