0 0.097847 0.096869 0.105675 0.107632
0 0.191781 0.191781 0.285714 0.285714
0 0.294521 0.293542 0.393346 0.391389
0 0.363992 0.363014 0.571429 0.573386
0 0.440313 0.439335 0.688845 0.690802
0 0.382583 0.382583 0.181996 0.181996
0 0.226027 0.227006 0.127202 0.125245
0 0.336595 0.335616 0.007828 0.009785
0 0.557730 0.556751 0.395303 0.397260
0 0.194716 0.193738 0.279843 0.277886
0 0.638943 0.637965 0.592955 0.594912
0 0.293542 0.292564 0.551859 0.549902
0 0.449119 0.448141 0.225049 0.227006
0 0.379648 0.378669 0.418787 0.416830
0 0.569472 0.570450 0.011742 0.013699
0 0.545988 0.545010 0.125245 0.123288
0 0.664384 0.663405 0.158513 0.160470
0 0.772994 0.772016 0.336595 0.338552
0 0.729941 0.728963 0.207436 0.205479
0 0.546967 0.545988 0.569472 0.567515
0 0.624266 0.623288 0.450098 0.448141
