0 0.876712 0.876712 0.066536 0.066536
0 0.830724 0.829746 0.174168 0.172211
0 0.478474 0.477495 0.369863 0.367906
0 0.579256 0.579256 0.677104 0.677104
0 0.439335 0.439335 0.604697 0.604697
0 0.644814 0.644814 0.401174 0.401174
0 0.518591 0.518591 0.199609 0.199609
0 0.389432 0.387476 0.410959 0.410959
0 0.399217 0.399217 0.078278 0.078278
0 0.297456 0.296477 0.320939 0.318982
0 0.520548 0.516634 0.720157 0.712329
0 0.210372 0.211350 0.045010 0.046967
0 0.333659 0.333659 0.283757 0.283757
0 0.278865 0.278865 0.138943 0.138943
0 0.451076 0.450098 0.616438 0.618395
0 0.597847 0.597847 0.354207 0.354207
0 0.787671 0.783757 0.244618 0.236791
0 0.320939 0.319961 0.289628 0.291585
0 0.529354 0.530333 0.330724 0.328767
0 0.580235 0.581213 0.193738 0.191781
0 0.654599 0.653620 0.080235 0.078278
0 0.746575 0.746575 0.045010 0.045010
0 0.623288 0.622309 0.487280 0.485323
0 0.672211 0.678082 0.440313 0.428571
