0 0.445205 0.445205 0.459883 0.459883
0 0.347358 0.345401 0.612524 0.612524
0 0.772994 0.771037 0.258317 0.258317
0 0.550881 0.550881 0.127202 0.127202
0 0.629159 0.629159 0.041096 0.041096
0 0.723092 0.723092 0.131115 0.131115
0 0.488258 0.486301 0.287671 0.287671
0 0.283757 0.281800 0.320939 0.320939
0 0.133072 0.133072 0.043053 0.043053
0 0.190802 0.190802 0.178082 0.178082
0 0.497065 0.495108 0.806262 0.806262
0 0.366928 0.363992 0.561644 0.567515
0 0.309198 0.307241 0.180039 0.180039
0 0.542074 0.542074 0.301370 0.301370
0 0.225049 0.225049 0.352250 0.352250
0 0.367906 0.367906 0.031311 0.031311
0 0.486301 0.484344 0.796477 0.796477
0 0.864971 0.863014 0.050881 0.050881
0 0.547945 0.547945 0.731898 0.731898
0 0.658513 0.657534 0.487280 0.485323
0 0.734834 0.732877 0.342466 0.342466
0 0.783757 0.781800 0.205479 0.205479
