0 0.413894 0.412916 0.111546 0.109589
0 0.589041 0.589041 0.587084 0.587084
0 0.205479 0.206458 0.332681 0.330724
0 0.199609 0.198630 0.183953 0.181996
0 0.477495 0.475538 0.520548 0.520548
0 0.457926 0.457926 0.289628 0.289628
0 0.327789 0.320939 0.135029 0.121331
0 0.552838 0.551859 0.279843 0.281800
0 0.675147 0.675147 0.344423 0.344423
0 0.453033 0.453033 0.463796 0.463796
0 0.288650 0.286693 0.311155 0.311155
0 0.217221 0.216243 0.039139 0.037182
0 0.678082 0.679061 0.115460 0.113503
0 0.735812 0.735812 0.180039 0.180039
0 0.394325 0.399217 0.499022 0.485323
0 0.556751 0.556751 0.624266 0.624266
0 0.552838 0.552838 0.138943 0.138943
0 0.750489 0.749511 0.240705 0.238748
0 0.487280 0.487280 0.054795 0.054795
0 0.794521 0.793542 0.082192 0.080235
0 0.840509 0.840509 0.076321 0.076321
0 0.473581 0.477495 0.430528 0.426614
0 0.354207 0.354207 0.262231 0.262231
0 0.624266 0.620352 0.097847 0.105675
0 0.607632 0.606654 0.499022 0.497065
0 0.526419 0.526419 0.735812 0.735812
0 0.640900 0.639922 0.506849 0.508806
0 0.596869 0.596869 0.039139 0.039139
0 0.443249 0.440313 0.722114 0.720157
0 0.317025 0.317025 0.129159 0.129159
