0 0.832681 0.832681 0.170254 0.170254
0 0.901174 0.900196 0.025440 0.027397
0 0.663405 0.662427 0.027397 0.025440
0 0.540117 0.540117 0.305284 0.305284
0 0.469667 0.469667 0.587084 0.587084
0 0.538160 0.537182 0.684932 0.686888
0 0.649706 0.649706 0.555773 0.555773
0 0.672211 0.673190 0.362035 0.360078
0 0.534247 0.533268 0.626223 0.624266
0 0.406067 0.406067 0.060665 0.060665
0 0.369863 0.369863 0.606654 0.602740
0 0.253425 0.252446 0.315068 0.313112
0 0.351272 0.350294 0.197652 0.195695
0 0.228963 0.227984 0.062622 0.064579
0 0.308219 0.308219 0.150685 0.150685
0 0.351272 0.350294 0.260274 0.262231
0 0.422701 0.422701 0.395303 0.395303
0 0.513699 0.511742 0.189824 0.193738
0 0.770059 0.770059 0.338552 0.338552
0 0.504892 0.504892 0.810176 0.810176
0 0.484344 0.484344 0.487280 0.487280
0 0.436399 0.436399 0.563601 0.563601
0 0.556751 0.555773 0.272016 0.270059
0 0.606654 0.605675 0.168297 0.170254
0 0.806262 0.806262 0.148728 0.148728
0 0.727984 0.727984 0.054795 0.054795
