0 0.560665 0.560665 0.804305 0.804305
0 0.629159 0.629159 0.632094 0.632094
0 0.686888 0.686888 0.500978 0.500978
0 0.772016 0.770059 0.318982 0.318982
0 0.860078 0.860078 0.174168 0.174168
0 0.935421 0.935421 0.058708 0.058708
0 0.627202 0.627202 0.217221 0.217221
0 0.451076 0.449119 0.495108 0.495108
0 0.392368 0.392368 0.647750 0.647750
0 0.539139 0.539139 0.358121 0.358121
0 0.700587 0.700587 0.046967 0.046967
0 0.733855 0.733855 0.066536 0.066536
0 0.204501 0.202544 0.033268 0.033268
0 0.265166 0.265166 0.135029 0.135029
0 0.406067 0.404110 0.393346 0.393346
0 0.486301 0.486301 0.573386 0.573386
0 0.569472 0.567515 0.739726 0.739726
0 0.223092 0.223092 0.403131 0.403131
0 0.361057 0.359100 0.181996 0.181996
0 0.457926 0.457926 0.019569 0.019569
