0 0.102740 0.104697 0.119374 0.119374
0 0.235812 0.236791 0.127202 0.125245
0 0.533268 0.542074 0.741683 0.727984
0 0.334638 0.334638 0.391389 0.391389
0 0.448141 0.449119 0.594912 0.596869
0 0.477495 0.477495 0.090020 0.093933
0 0.299413 0.298434 0.144814 0.146771
0 0.432485 0.435421 0.630137 0.636008
0 0.597847 0.596869 0.393346 0.391389
0 0.484344 0.486301 0.553816 0.553816
0 0.694716 0.694716 0.148728 0.148728
0 0.844423 0.844423 0.170254 0.170254
0 0.580235 0.581213 0.318982 0.317025
0 0.706458 0.704501 0.504892 0.500978
