0 0.303327 0.303327 0.528376 0.532290
0 0.460861 0.472603 0.757339 0.792564
0 0.168297 0.174168 0.281800 0.281800
0 0.240705 0.239726 0.133072 0.123288
0 0.193738 0.193738 0.285714 0.285714
0 0.633072 0.632094 0.506849 0.508806
0 0.417808 0.417808 0.170254 0.185910
0 0.560665 0.563601 0.377691 0.407045
0 0.728963 0.727984 0.240705 0.242661
0 0.533268 0.536204 0.221135 0.227006
0 0.636008 0.635029 0.497065 0.495108
0 0.676125 0.677104 0.412916 0.410959
0 0.817025 0.818982 0.088063 0.072407
0 0.445205 0.444227 0.816047 0.818004
0 0.491194 0.491194 0.774951 0.774951
