0 0.115460 0.114481 0.160470 0.162427
0 0.250489 0.252446 0.446184 0.438356
0 0.044031 0.044031 0.001957 0.001957
0 0.413894 0.416830 0.710372 0.716243
0 0.485323 0.485323 0.845401 0.853229
0 0.214286 0.212329 0.299413 0.303327
0 0.343444 0.341487 0.514677 0.542074
0 0.209393 0.210372 0.109589 0.115460
0 0.248532 0.248532 0.019569 0.019569
0 0.475538 0.481409 0.414873 0.403131
0 0.392368 0.394325 0.264188 0.260274
0 0.617417 0.617417 0.154599 0.154599
0 0.454012 0.455969 0.090020 0.101761
0 0.714286 0.713307 0.407045 0.412916
0 0.407045 0.408023 0.254403 0.256360
0 0.574364 0.575342 0.111546 0.109589
0 0.671233 0.669276 0.195695 0.207436
0 0.518591 0.519569 0.031311 0.029354
0 0.298434 0.301370 0.385519 0.395303
0 0.554795 0.575342 0.428571 0.387476
0 0.787671 0.788650 0.005871 0.003914
0 0.455969 0.450098 0.610568 0.622309
0 0.504892 0.509785 0.536204 0.534247
0 0.730920 0.730920 0.045010 0.045010
