0 0.272994 0.272016 0.362035 0.360078
0 0.046967 0.046967 0.050881 0.050881
0 0.485323 0.485323 0.727984 0.727984
0 0.234834 0.233855 0.203523 0.201566
0 0.319961 0.318982 0.467710 0.465753
0 0.509785 0.509785 0.350294 0.350294
0 0.198630 0.197652 0.334638 0.336595
0 0.437378 0.436399 0.225049 0.227006
0 0.591977 0.591977 0.514677 0.514677
0 0.293542 0.292564 0.242661 0.244618
0 0.364971 0.363992 0.064579 0.062622
0 0.438356 0.437378 0.281800 0.279843
0 0.533268 0.532290 0.056751 0.054795
0 0.626223 0.625245 0.070450 0.068493
0 0.523483 0.523483 0.189824 0.189824
0 0.695695 0.694716 0.209393 0.207436
0 0.364971 0.364971 0.487280 0.487280
0 0.561644 0.560665 0.567515 0.569472
0 0.734834 0.734834 0.185910 0.185910
0 0.481409 0.480431 0.696673 0.698630
0 0.621331 0.621331 0.428571 0.428571
0 0.844423 0.843444 0.017613 0.019569
0 0.128180 0.127202 0.033268 0.035225
0 0.342466 0.339530 0.015656 0.025440
0 0.686888 0.686888 0.324853 0.324853
