0 0.484344 0.483366 0.898239 0.896282
0 0.389432 0.388454 0.297456 0.295499
0 0.224070 0.223092 0.056751 0.058708
0 0.159491 0.159491 0.138943 0.138943
0 0.253425 0.252446 0.021526 0.019569
0 0.477495 0.476517 0.454012 0.452055
0 0.354207 0.353229 0.254403 0.252446
0 0.527397 0.527397 0.600783 0.600783
0 0.468689 0.470646 0.025440 0.021526
0 0.581213 0.581213 0.273973 0.273973
0 0.610568 0.610568 0.136986 0.136986
0 0.697652 0.697652 0.056751 0.056751
0 0.491194 0.491194 0.407045 0.407045
0 0.807241 0.806262 0.236791 0.234834
0 0.553816 0.554795 0.238748 0.236791
0 0.384540 0.383562 0.628180 0.630137
0 0.853229 0.852250 0.148728 0.150685
0 0.485323 0.485323 0.857143 0.857143
0 0.540117 0.540117 0.759295 0.759295
0 0.656556 0.656556 0.534247 0.534247
0 0.784736 0.783757 0.250489 0.252446
0 0.599804 0.599804 0.620352 0.620352
0 0.747554 0.746575 0.383562 0.385519
0 0.397260 0.399217 0.540117 0.536204
