0 0.499022 0.498043 0.637965 0.636008
0 0.262231 0.261252 0.156556 0.154599
0 0.321918 0.321918 0.272016 0.272016
0 0.181018 0.180039 0.091977 0.090020
0 0.366928 0.365949 0.444227 0.442270
0 0.561644 0.560665 0.207436 0.205479
0 0.422701 0.421722 0.066536 0.068493
0 0.473581 0.473581 0.148728 0.148728
0 0.258317 0.257339 0.324853 0.322896
0 0.477495 0.477495 0.371820 0.371820
0 0.756360 0.755382 0.228963 0.227006
0 0.621331 0.621331 0.146771 0.146771
0 0.655577 0.655577 0.043053 0.043053
0 0.344423 0.343444 0.547945 0.545988
0 0.527397 0.526419 0.256360 0.254403
0 0.531311 0.530333 0.765166 0.763209
0 0.875734 0.874755 0.029354 0.031311
0 0.809198 0.808219 0.142857 0.140900
0 0.474560 0.473581 0.898239 0.900196
0 0.662427 0.661448 0.448141 0.450098
0 0.230920 0.229941 0.414873 0.416830
