0 0.334638 0.331703 0.043053 0.033268
0 0.249511 0.249511 0.150685 0.142857
0 0.219178 0.219178 0.234834 0.227006
0 0.601761 0.601761 0.009785 0.009785
0 0.615460 0.609589 0.557730 0.545988
0 0.772994 0.776908 0.309198 0.309198
0 0.645793 0.644814 0.540117 0.538160
0 0.553816 0.559687 0.078278 0.062622
0 0.208415 0.203523 0.287671 0.277886
0 0.467710 0.468689 0.332681 0.330724
0 0.890411 0.890411 0.035225 0.035225
0 0.394325 0.392368 0.463796 0.459883
0 0.549902 0.557730 0.598826 0.594912
0 0.479452 0.479452 0.234834 0.234834
0 0.281800 0.286693 0.414873 0.424658
0 0.833659 0.827789 0.078278 0.082192
0 0.719178 0.724070 0.299413 0.281800
0 0.673190 0.679061 0.250489 0.250489
0 0.552838 0.552838 0.495108 0.495108
0 0.426614 0.423679 0.242661 0.240705
0 0.503914 0.501957 0.819961 0.816047
0 0.116438 0.115460 0.154599 0.168297
0 0.355186 0.355186 0.405088 0.432485
