0 0.368885 0.373777 0.487280 0.497065
0 0.214286 0.206458 0.107632 0.099804
0 0.541096 0.540117 0.776908 0.778865
0 0.483366 0.485323 0.587084 0.587084
0 0.078278 0.081213 0.140900 0.135029
0 0.525440 0.521526 0.272016 0.279843
0 0.617417 0.616438 0.041096 0.039139
0 0.475538 0.476517 0.277886 0.268102
0 0.543053 0.543053 0.095890 0.099804
0 0.443249 0.450098 0.318982 0.313112
0 0.920744 0.915851 0.056751 0.054795
0 0.719178 0.712329 0.268102 0.250489
0 0.625245 0.629159 0.412916 0.420744
0 0.491194 0.490215 0.763209 0.765166
0 0.605675 0.605675 0.565558 0.557730
0 0.531311 0.531311 0.675147 0.675147
