0 0.435421 0.435421 0.808219 0.808219
0 0.175147 0.175147 0.209393 0.209393
0 0.081213 0.082192 0.052838 0.062622
0 0.439335 0.447162 0.119374 0.135029
0 0.684932 0.681018 0.540117 0.532290
0 0.590998 0.590020 0.407045 0.416830
0 0.545988 0.545010 0.238748 0.244618
0 0.301370 0.301370 0.160470 0.168297
0 0.529354 0.529354 0.170254 0.170254
0 0.479452 0.481409 0.305284 0.309198
0 0.741683 0.743640 0.246575 0.242661
0 0.447162 0.452055 0.373777 0.375734
0 0.642857 0.644814 0.099804 0.095890
0 0.606654 0.606654 0.043053 0.043053
0 0.731898 0.733855 0.324853 0.317025
0 0.881605 0.880626 0.021526 0.019569
0 0.579256 0.579256 0.563601 0.563601
0 0.805284 0.803327 0.107632 0.107632
0 0.655577 0.653620 0.469667 0.461840
