0 0.315068 0.314090 0.266145 0.268102
0 0.486301 0.486301 0.557730 0.557730
0 0.091977 0.090998 0.172211 0.170254
0 0.548924 0.547945 0.710372 0.712329
0 0.248532 0.247554 0.317025 0.315068
0 0.316047 0.316047 0.178082 0.178082
0 0.626223 0.626223 0.379648 0.379648
0 0.386497 0.386497 0.080235 0.080235
0 0.481409 0.481409 0.097847 0.097847
0 0.710372 0.710372 0.066536 0.066536
0 0.592955 0.591977 0.250489 0.248532
0 0.818982 0.818982 0.299413 0.299413
0 0.628180 0.628180 0.070450 0.070450
0 0.370841 0.369863 0.600783 0.598826
0 0.661448 0.661448 0.019569 0.019569
0 0.505871 0.505871 0.436399 0.436399
0 0.537182 0.537182 0.827789 0.827789
0 0.701566 0.700587 0.416830 0.414873
0 0.845401 0.844423 0.136986 0.138943
0 0.623288 0.623288 0.585127 0.585127
