0 0.495108 0.496086 0.845401 0.851272
0 0.455969 0.456947 0.258317 0.256360
0 0.813112 0.815068 0.127202 0.123288
0 0.503914 0.502935 0.205479 0.215264
0 0.486301 0.486301 0.804305 0.804305
0 0.377691 0.384540 0.673190 0.675147
0 0.434442 0.433464 0.129159 0.138943
0 0.647750 0.643836 0.360078 0.371820
0 0.537182 0.545010 0.409002 0.405088
0 0.762231 0.778865 0.080235 0.070450
0 0.244618 0.242661 0.136986 0.121331
0 0.494129 0.493151 0.373777 0.375734
0 0.685910 0.686888 0.088063 0.082192
0 0.187867 0.187867 0.352250 0.340509
0 0.327789 0.333659 0.534247 0.545988
0 0.306262 0.304305 0.123288 0.119374
0 0.502935 0.501957 0.454012 0.452055
0 0.870841 0.874755 0.027397 0.035225
0 0.608611 0.601761 0.164384 0.178082
0 0.656556 0.656556 0.636008 0.636008
0 0.649706 0.652642 0.156556 0.162427
0 0.136986 0.136986 0.007828 0.007828
0 0.621331 0.617417 0.499022 0.491194
0 0.532290 0.531311 0.688845 0.686888
0 0.648728 0.649706 0.530333 0.524462
0 0.527397 0.527397 0.784736 0.780822
0 0.352250 0.352250 0.414873 0.414873
0 0.381605 0.354207 0.336595 0.324853
0 0.072407 0.071429 0.097847 0.088063
0 0.479452 0.483366 0.602740 0.637965
0 0.249511 0.250489 0.240705 0.238748
0 0.577299 0.579256 0.058708 0.078278
0 0.731898 0.731898 0.414873 0.403131
0 0.344423 0.338552 0.097847 0.129159
0 0.284736 0.289628 0.193738 0.183953
0 0.622309 0.622309 0.093933 0.093933
0 0.561644 0.569472 0.007828 0.023483
0 0.366928 0.356164 0.393346 0.332681
