0 0.069472 0.068493 0.072407 0.070450
0 0.545010 0.544031 0.847358 0.845401
0 0.372798 0.372798 0.483366 0.483366
0 0.449119 0.448141 0.624266 0.622309
0 0.288650 0.288650 0.080235 0.080235
0 0.186888 0.185910 0.334638 0.332681
0 0.256360 0.255382 0.187867 0.189824
0 0.528376 0.527397 0.332681 0.334638
0 0.316047 0.316047 0.616438 0.616438
0 0.483366 0.483366 0.223092 0.223092
0 0.647750 0.646771 0.035225 0.033268
0 0.403131 0.403131 0.418787 0.418787
0 0.735812 0.734834 0.254403 0.256360
0 0.564579 0.563601 0.123288 0.125245
0 0.727006 0.727006 0.248532 0.248532
0 0.922701 0.922701 0.099804 0.099804
0 0.837573 0.837573 0.058708 0.058708
0 0.448141 0.447162 0.199609 0.201566
0 0.660470 0.660470 0.499022 0.499022
