0 0.226027 0.226027 0.178082 0.178082
0 0.401174 0.400196 0.540117 0.538160
0 0.449119 0.449119 0.636008 0.636008
0 0.302348 0.302348 0.091977 0.091977
0 0.542074 0.542074 0.383562 0.383562
0 0.640900 0.639922 0.573386 0.575342
0 0.366928 0.365949 0.029354 0.031311
0 0.476517 0.476517 0.232877 0.232877
0 0.402153 0.402153 0.362035 0.362035
0 0.722114 0.722114 0.266145 0.266145
0 0.465753 0.465753 0.262231 0.262231
0 0.770059 0.770059 0.291585 0.291585
0 0.582192 0.581213 0.041096 0.043053
0 0.666341 0.666341 0.095890 0.095890
0 0.511742 0.510763 0.694716 0.696673
