0 0.069472 0.068493 0.029354 0.031311
0 0.446184 0.445205 0.708415 0.706458
0 0.243640 0.242661 0.272016 0.270059
0 0.355186 0.354207 0.487280 0.485323
0 0.472603 0.471624 0.784736 0.782779
0 0.323875 0.323875 0.373777 0.373777
0 0.159491 0.158513 0.287671 0.285714
0 0.456947 0.456947 0.201566 0.201566
0 0.250489 0.250489 0.262231 0.262231
0 0.552838 0.551859 0.463796 0.461840
0 0.547945 0.547945 0.313112 0.313112
0 0.288650 0.287671 0.095890 0.093933
0 0.519569 0.519569 0.166341 0.166341
0 0.611546 0.610568 0.091977 0.090020
0 0.703523 0.703523 0.150685 0.150685
0 0.370841 0.369863 0.565558 0.563601
0 0.448141 0.448141 0.320939 0.320939
0 0.518591 0.518591 0.673190 0.673190
0 0.620352 0.619374 0.481409 0.483366
0 0.748532 0.747554 0.197652 0.195695
0 0.826810 0.825832 0.056751 0.058708
0 0.444227 0.444227 0.755382 0.755382
0 0.723092 0.723092 0.350294 0.350294
0 0.430528 0.429550 0.105675 0.103718
