0 0.500978 0.500000 0.555773 0.553816
0 0.133072 0.133072 0.152642 0.152642
0 0.187867 0.187867 0.054795 0.054795
0 0.304305 0.304305 0.170254 0.170254
0 0.432485 0.431507 0.454012 0.452055
0 0.247554 0.247554 0.084149 0.084149
0 0.395303 0.394325 0.320939 0.318982
0 0.667319 0.666341 0.481409 0.479452
0 0.471624 0.471624 0.070450 0.070450
0 0.644814 0.643836 0.397260 0.395303
0 0.416830 0.416830 0.054795 0.054795
0 0.572407 0.572407 0.295499 0.295499
0 0.309198 0.308219 0.332681 0.334638
0 0.519569 0.518591 0.275930 0.277886
0 0.773973 0.773973 0.236791 0.236791
0 0.665362 0.664384 0.035225 0.033268
0 0.715264 0.715264 0.095890 0.095890
0 0.445205 0.442270 0.518591 0.493151
0 0.444227 0.445205 0.864971 0.859100
0 0.752446 0.752446 0.260274 0.260274
0 0.852250 0.851272 0.037182 0.035225
0 0.591977 0.593933 0.616438 0.589041
0 0.818004 0.817025 0.117417 0.119374
0 0.672211 0.672211 0.502935 0.502935
0 0.680039 0.679061 0.393346 0.391389
