0 0.425636 0.424658 0.698630 0.700587
0 0.494129 0.493151 0.835616 0.837573
0 0.081213 0.080235 0.021526 0.023483
0 0.229941 0.228963 0.252446 0.254403
0 0.310176 0.310176 0.346380 0.346380
0 0.171233 0.171233 0.131115 0.131115
0 0.627202 0.627202 0.612524 0.612524
0 0.462818 0.462818 0.252446 0.252446
0 0.290607 0.290607 0.084149 0.084149
0 0.551859 0.551859 0.442270 0.442270
0 0.249511 0.248532 0.228963 0.230920
0 0.548924 0.548924 0.033268 0.033268
0 0.617417 0.616438 0.084149 0.082192
0 0.377691 0.377691 0.473581 0.473581
0 0.416830 0.415851 0.328767 0.326810
0 0.480431 0.480431 0.217221 0.217221
0 0.698630 0.697652 0.180039 0.181996
0 0.695695 0.694716 0.256360 0.254403
0 0.829746 0.828767 0.066536 0.068493
0 0.472603 0.471624 0.722114 0.720157
0 0.670254 0.669276 0.346380 0.348337
0 0.575342 0.574364 0.587084 0.585127
0 0.905088 0.905088 0.060665 0.060665
0 0.370841 0.369863 0.072407 0.074364
