0 0.234834 0.232877 0.332681 0.336595
0 0.389432 0.390411 0.148728 0.166341
0 0.488258 0.487280 0.299413 0.305284
0 0.524462 0.542074 0.454012 0.434442
0 0.470646 0.470646 0.154599 0.154599
0 0.597847 0.597847 0.091977 0.091977
0 0.351272 0.349315 0.401174 0.405088
0 0.678082 0.677104 0.232877 0.230920
0 0.536204 0.532290 0.039139 0.039139
0 0.623288 0.623288 0.236791 0.236791
0 0.537182 0.537182 0.452055 0.463796
0 0.499022 0.498043 0.587084 0.589041
0 0.710372 0.711350 0.148728 0.142857
0 0.849315 0.860078 0.140900 0.142857
