0 0.242661 0.230920 0.273973 0.313112
0 0.392368 0.394325 0.573386 0.581213
0 0.071429 0.068493 0.056751 0.050881
0 0.521526 0.539139 0.843444 0.894325
0 0.466732 0.468689 0.772994 0.776908
0 0.327789 0.324853 0.401174 0.410959
0 0.619374 0.623288 0.522505 0.530333
0 0.373777 0.370841 0.035225 0.045010
0 0.553816 0.553816 0.457926 0.457926
0 0.224070 0.223092 0.248532 0.246575
0 0.310176 0.308219 0.099804 0.080235
0 0.428571 0.428571 0.129159 0.129159
0 0.336595 0.340509 0.504892 0.504892
0 0.556751 0.556751 0.119374 0.119374
0 0.396282 0.397260 0.354207 0.352250
0 0.479452 0.479452 0.203523 0.203523
0 0.645793 0.644814 0.023483 0.029354
0 0.676125 0.674168 0.189824 0.193738
0 0.455969 0.455969 0.716243 0.716243
0 0.732877 0.732877 0.189824 0.189824
0 0.853229 0.857143 0.015656 0.007828
0 0.792564 0.788650 0.086106 0.086106
0 0.683953 0.687867 0.303327 0.307241
0 0.612524 0.615460 0.442270 0.448141
