0 0.912916 0.912916 0.135029 0.131115
0 0.454012 0.457926 0.559687 0.571429
0 0.438356 0.436399 0.133072 0.129159
0 0.624266 0.621331 0.665362 0.659491
0 0.670254 0.671233 0.561644 0.563601
0 0.688845 0.689824 0.133072 0.135029
0 0.354207 0.354207 0.054795 0.054795
0 0.259295 0.258317 0.088063 0.086106
0 0.479452 0.482387 0.876712 0.878669
0 0.472603 0.472603 0.589041 0.589041
0 0.601761 0.601761 0.279843 0.279843
0 0.810176 0.810176 0.207436 0.207436
0 0.761252 0.761252 0.332681 0.332681
0 0.474560 0.483366 0.162427 0.168297
0 0.507828 0.508806 0.072407 0.074364
0 0.563601 0.563601 0.117417 0.117417
0 0.628180 0.626223 0.176125 0.176125
0 0.706458 0.703523 0.031311 0.025440
0 0.292564 0.297456 0.436399 0.430528
0 0.565558 0.577299 0.332681 0.360078
0 0.367906 0.378669 0.113503 0.115460
0 0.226027 0.226027 0.162427 0.166341
0 0.376712 0.375734 0.240705 0.242661
0 0.236791 0.232877 0.187867 0.180039
0 0.412916 0.408023 0.504892 0.506849
0 0.428571 0.439335 0.551859 0.573386
0 0.556751 0.554795 0.772994 0.776908
0 0.619374 0.616438 0.549902 0.555773
0 0.559687 0.564579 0.489237 0.491194
0 0.316047 0.316047 0.330724 0.330724
0 0.257339 0.256360 0.272016 0.273973
