0 0.363992 0.370841 0.360078 0.362035
0 0.527397 0.526419 0.643836 0.641879
0 0.139922 0.139922 0.115460 0.123288
0 0.302348 0.313112 0.162427 0.180039
0 0.610568 0.615460 0.348337 0.334638
0 0.561644 0.559687 0.246575 0.234834
0 0.485323 0.497065 0.050881 0.074364
0 0.718200 0.718200 0.086106 0.086106
0 0.813112 0.814090 0.275930 0.270059
0 0.487280 0.484344 0.422701 0.416830
0 0.574364 0.575342 0.181996 0.195695
0 0.758317 0.758317 0.322896 0.315068
0 0.885519 0.886497 0.009785 0.011742
0 0.695695 0.695695 0.401174 0.409002
0 0.510763 0.510763 0.786693 0.794521
0 0.571429 0.572407 0.696673 0.694716
