0 0.732877 0.731898 0.076321 0.074364
0 0.548924 0.547945 0.346380 0.340509
0 0.488258 0.485323 0.189824 0.187867
0 0.556751 0.555773 0.005871 0.007828
0 0.247554 0.246575 0.272016 0.270059
0 0.315068 0.319961 0.086106 0.072407
0 0.359100 0.358121 0.299413 0.301370
0 0.128180 0.128180 0.076321 0.076321
0 0.254403 0.254403 0.211350 0.211350
0 0.284736 0.283757 0.463796 0.465753
0 0.334638 0.343444 0.446184 0.432485
0 0.618395 0.618395 0.199609 0.199609
0 0.834638 0.835616 0.178082 0.176125
0 0.807241 0.812133 0.033268 0.046967
0 0.656556 0.653620 0.330724 0.328767
0 0.513699 0.513699 0.318982 0.326810
0 0.597847 0.597847 0.502935 0.502935
0 0.538160 0.536204 0.708415 0.716243
0 0.461840 0.463796 0.571429 0.579256
0 0.092955 0.089041 0.064579 0.064579
0 0.395303 0.393346 0.093933 0.093933
