0 0.274951 0.275930 0.412916 0.414873
0 0.114481 0.114481 0.045010 0.045010
0 0.497065 0.496086 0.806262 0.804305
0 0.221135 0.214286 0.195695 0.201566
0 0.397260 0.396282 0.657534 0.655577
0 0.436399 0.441292 0.035225 0.052838
0 0.358121 0.357143 0.156556 0.158513
0 0.646771 0.644814 0.530333 0.526419
0 0.265166 0.266145 0.260274 0.254403
0 0.375734 0.372798 0.645793 0.632094
0 0.437378 0.452055 0.467710 0.454012
0 0.746575 0.743640 0.041096 0.035225
0 0.645793 0.635029 0.273973 0.256360
0 0.793542 0.800391 0.142857 0.144814
