0 0.250489 0.250489 0.160470 0.160470
0 0.445205 0.444227 0.581213 0.583170
0 0.303327 0.303327 0.281800 0.281800
0 0.189824 0.188845 0.027397 0.029354
0 0.376712 0.375734 0.499022 0.500978
0 0.380626 0.379648 0.080235 0.082192
0 0.487280 0.487280 0.129159 0.129159
0 0.285714 0.285714 0.176125 0.176125
0 0.661448 0.661448 0.465753 0.465753
0 0.619374 0.618395 0.389432 0.387476
0 0.212329 0.211350 0.303327 0.301370
0 0.393346 0.392368 0.528376 0.526419
0 0.732877 0.731898 0.158513 0.160470
0 0.351272 0.351272 0.608611 0.608611
0 0.606654 0.606654 0.117417 0.117417
0 0.434442 0.433464 0.352250 0.350294
0 0.667319 0.666341 0.093933 0.095890
0 0.460861 0.459883 0.827789 0.825832
0 0.626223 0.626223 0.473581 0.473581
0 0.536204 0.536204 0.645793 0.645793
0 0.719178 0.717221 0.346380 0.342466
0 0.869863 0.869863 0.033268 0.033268
0 0.533268 0.533268 0.228963 0.228963
0 0.107632 0.106654 0.113503 0.111546
0 0.524462 0.524462 0.293542 0.293542
