0 0.074364 0.073386 0.015656 0.017613
0 0.424658 0.423679 0.696673 0.698630
0 0.136986 0.136008 0.109589 0.111546
0 0.219178 0.218200 0.281800 0.279843
0 0.491194 0.490215 0.833659 0.835616
0 0.296477 0.295499 0.436399 0.438356
0 0.592955 0.592955 0.559687 0.559687
0 0.240705 0.239726 0.168297 0.170254
0 0.374755 0.374755 0.115460 0.115460
0 0.487280 0.486301 0.363992 0.365949
0 0.427593 0.426614 0.178082 0.176125
0 0.323875 0.322896 0.506849 0.508806
0 0.637965 0.637965 0.148728 0.148728
0 0.734834 0.733855 0.260274 0.258317
0 0.439335 0.438356 0.330724 0.332681
0 0.572407 0.571429 0.017613 0.015656
0 0.521526 0.520548 0.600783 0.602740
0 0.419765 0.419765 0.823875 0.823875
0 0.576321 0.576321 0.495108 0.495108
0 0.677104 0.677104 0.352250 0.352250
0 0.694716 0.694716 0.246575 0.246575
0 0.780822 0.779843 0.074364 0.076321
0 0.873777 0.872798 0.099804 0.097847
0 0.340509 0.340509 0.101761 0.101761
0 0.378669 0.377691 0.608611 0.606654
