0 0.464775 0.463796 0.499022 0.500978
0 0.536204 0.536204 0.626223 0.626223
0 0.392368 0.391389 0.373777 0.371820
0 0.283757 0.284736 0.109589 0.111546
0 0.132094 0.131115 0.154599 0.156556
0 0.267123 0.259295 0.076321 0.048924
0 0.417808 0.416830 0.064579 0.066536
0 0.243640 0.242661 0.389432 0.391389
0 0.357143 0.356164 0.193738 0.195695
0 0.490215 0.490215 0.068493 0.068493
0 0.541096 0.536204 0.178082 0.187867
0 0.301370 0.300391 0.301370 0.303327
0 0.492172 0.492172 0.362035 0.362035
0 0.724070 0.718200 0.046967 0.062622
0 0.790607 0.789628 0.223092 0.225049
0 0.470646 0.470646 0.444227 0.444227
0 0.408023 0.407045 0.624266 0.618395
0 0.619374 0.618395 0.131115 0.129159
0 0.898239 0.899217 0.043053 0.048924
0 0.858121 0.858121 0.076321 0.076321
0 0.803327 0.808219 0.158513 0.152642
0 0.611546 0.611546 0.526419 0.526419
0 0.762231 0.760274 0.342466 0.318982
0 0.509785 0.508806 0.843444 0.841487
0 0.587084 0.586106 0.712329 0.714286
