0 0.590020 0.585127 0.549902 0.547945
0 0.443249 0.441292 0.412916 0.416830
0 0.516634 0.516634 0.716243 0.716243
0 0.424658 0.425636 0.708415 0.706458
0 0.599804 0.603718 0.283757 0.287671
0 0.625245 0.626223 0.131115 0.133072
0 0.568493 0.567515 0.084149 0.086106
0 0.434442 0.432485 0.093933 0.097847
0 0.304305 0.304305 0.428571 0.428571
0 0.410959 0.409980 0.195695 0.197652
0 0.277886 0.278865 0.054795 0.056751
0 0.225049 0.223092 0.054795 0.050881
0 0.287671 0.285714 0.414873 0.418787
0 0.165362 0.164384 0.080235 0.078278
0 0.895303 0.896282 0.103718 0.101761
0 0.795499 0.794521 0.213307 0.215264
0 0.842466 0.843444 0.193738 0.195695
0 0.717221 0.718200 0.487280 0.485323
0 0.679061 0.680039 0.289628 0.291585
0 0.590998 0.592955 0.497065 0.504892
0 0.527397 0.527397 0.401174 0.401174
0 0.466732 0.462818 0.761252 0.753425
0 0.409002 0.409980 0.547945 0.549902
0 0.826810 0.824853 0.322896 0.326810
