0 0.183953 0.183953 0.305284 0.305284
0 0.047945 0.047945 0.076321 0.076321
0 0.331703 0.330724 0.557730 0.555773
0 0.303327 0.303327 0.489237 0.489237
0 0.423679 0.423679 0.710372 0.710372
0 0.232877 0.232877 0.152642 0.152642
0 0.220157 0.220157 0.252446 0.252446
0 0.336595 0.336595 0.035225 0.035225
0 0.608611 0.604697 0.575342 0.571429
0 0.539139 0.539139 0.424658 0.424658
0 0.298434 0.298434 0.499022 0.499022
0 0.456947 0.456947 0.178082 0.178082
0 0.526419 0.526419 0.054795 0.054795
0 0.369863 0.369863 0.391389 0.391389
0 0.603718 0.603718 0.060665 0.060665
0 0.707436 0.706458 0.209393 0.211350
0 0.644814 0.643836 0.299413 0.297456
0 0.523483 0.523483 0.589041 0.589041
0 0.738748 0.737769 0.178082 0.176125
