0 0.060665 0.062622 0.011742 0.007828
0 0.116438 0.114481 0.076321 0.076321
0 0.184932 0.184932 0.213307 0.217221
0 0.393346 0.393346 0.634051 0.634051
0 0.528376 0.528376 0.919765 0.919765
0 0.583170 0.583170 0.688845 0.688845
0 0.193738 0.193738 0.140900 0.140900
0 0.357143 0.359100 0.135029 0.123288
0 0.485323 0.486301 0.399217 0.405088
0 0.545010 0.544031 0.487280 0.493151
0 0.295499 0.295499 0.066536 0.066536
0 0.620352 0.621331 0.285714 0.283757
0 0.323875 0.321918 0.315068 0.315068
0 0.427593 0.427593 0.123288 0.123288
0 0.552838 0.552838 0.174168 0.174168
0 0.259295 0.257339 0.440313 0.436399
0 0.458904 0.458904 0.017613 0.017613
0 0.657534 0.655577 0.395303 0.395303
0 0.452055 0.453033 0.500978 0.502935
0 0.506849 0.506849 0.387476 0.387476
0 0.601761 0.601761 0.252446 0.252446
0 0.393346 0.391389 0.618395 0.618395
0 0.717221 0.717221 0.041096 0.041096
0 0.609589 0.609589 0.561644 0.561644
0 0.477495 0.477495 0.833659 0.833659
0 0.665362 0.662427 0.461840 0.459883
0 0.824853 0.828767 0.178082 0.162427
0 0.539139 0.539139 0.714286 0.714286
0 0.773973 0.773973 0.299413 0.299413
