0 0.302348 0.302348 0.436399 0.436399
0 0.456947 0.455969 0.362035 0.363992
0 0.411937 0.410959 0.225049 0.227006
0 0.344423 0.342466 0.093933 0.101761
0 0.584149 0.584149 0.553816 0.553816
0 0.323875 0.323875 0.005871 0.005871
0 0.411937 0.413894 0.170254 0.166341
0 0.714286 0.714286 0.442270 0.442270
0 0.560665 0.560665 0.142857 0.142857
0 0.440313 0.441292 0.532290 0.526419
0 0.720157 0.725049 0.011742 0.001957
0 0.782779 0.781800 0.129159 0.127202
0 0.525440 0.523483 0.416830 0.424658
0 0.588063 0.588063 0.279843 0.279843
0 0.467710 0.467710 0.908023 0.908023
0 0.673190 0.676125 0.524462 0.518591
0 0.717221 0.717221 0.385519 0.385519
0 0.782779 0.781800 0.297456 0.295499
0 0.839530 0.841487 0.207436 0.199609
