0 0.357143 0.353229 0.174168 0.201566
0 0.169276 0.165362 0.185910 0.181996
0 0.665362 0.657534 0.273973 0.313112
0 0.487280 0.489237 0.313112 0.301370
0 0.768102 0.769080 0.150685 0.148728
0 0.686888 0.687867 0.363992 0.358121
0 0.391389 0.389432 0.465753 0.461840
0 0.641879 0.643836 0.086106 0.090020
0 0.769080 0.767123 0.082192 0.070450
0 0.322896 0.324853 0.242661 0.246575
0 0.279843 0.274951 0.277886 0.307241
0 0.475538 0.460861 0.086106 0.025440
0 0.481409 0.485323 0.716243 0.688845
0 0.237769 0.236791 0.029354 0.031311
0 0.545010 0.543053 0.542074 0.538160
0 0.848337 0.846380 0.080235 0.076321
0 0.737769 0.738748 0.121331 0.127202
0 0.600783 0.612524 0.019569 0.023483
0 0.931507 0.924658 0.070450 0.091977
0 0.654599 0.648728 0.405088 0.412916
0 0.299413 0.306262 0.156556 0.170254
0 0.390411 0.397260 0.409002 0.422701
0 0.096869 0.096869 0.115460 0.115460
0 0.435421 0.433464 0.440313 0.420744
0 0.529354 0.529354 0.225049 0.225049
0 0.571429 0.570450 0.332681 0.334638
0 0.555773 0.554795 0.708415 0.714286
0 0.178082 0.181018 0.117417 0.119374
0 0.363014 0.363992 0.209393 0.203523
0 0.511742 0.519569 0.538160 0.565558
0 0.812133 0.812133 0.352250 0.352250
0 0.550881 0.552838 0.236791 0.240705
