0 0.371820 0.371820 0.551859 0.551859
0 0.306262 0.306262 0.365949 0.365949
0 0.217221 0.217221 0.187867 0.187867
0 0.180039 0.180039 0.031311 0.031311
0 0.095890 0.095890 0.168297 0.168297
0 0.255382 0.255382 0.225049 0.225049
0 0.392368 0.391389 0.037182 0.035225
0 0.343444 0.343444 0.099804 0.099804
0 0.587084 0.587084 0.477495 0.477495
0 0.528376 0.527397 0.344423 0.346380
0 0.690802 0.689824 0.246575 0.248532
0 0.620352 0.620352 0.097847 0.097847
0 0.594912 0.593933 0.058708 0.060665
0 0.500000 0.499022 0.279843 0.281800
0 0.355186 0.357143 0.557730 0.549902
0 0.875734 0.875734 0.025440 0.025440
0 0.788650 0.788650 0.046967 0.046967
0 0.574364 0.574364 0.659491 0.659491
0 0.479452 0.479452 0.857143 0.857143
0 0.602740 0.601761 0.481409 0.479452
0 0.705479 0.705479 0.264188 0.264188
