0 0.452055 0.442270 0.504892 0.516634
0 0.214286 0.216243 0.103718 0.107632
0 0.286693 0.286693 0.232877 0.232877
0 0.587084 0.587084 0.317025 0.317025
0 0.642857 0.642857 0.483366 0.483366
0 0.438356 0.437378 0.078278 0.080235
0 0.305284 0.305284 0.262231 0.262231
0 0.783757 0.782779 0.213307 0.215264
0 0.610568 0.609589 0.043053 0.041096
0 0.547945 0.547945 0.195695 0.195695
0 0.380626 0.380626 0.714286 0.714286
0 0.484344 0.483366 0.350294 0.348337
0 0.864971 0.864971 0.027397 0.027397
0 0.498043 0.497065 0.780822 0.782779
0 0.655577 0.655577 0.622309 0.622309
0 0.796477 0.796477 0.258317 0.258317
0 0.573386 0.572407 0.688845 0.686888
0 0.413894 0.412916 0.499022 0.500978
