0 0.588063 0.590020 0.479452 0.499022
0 0.195695 0.191781 0.187867 0.180039
0 0.326810 0.325832 0.086106 0.088063
0 0.699609 0.698630 0.181996 0.183953
0 0.103718 0.102740 0.082192 0.080235
0 0.535225 0.530333 0.064579 0.086106
0 0.478474 0.478474 0.589041 0.581213
0 0.667319 0.665362 0.148728 0.152642
0 0.544031 0.543053 0.731898 0.726027
0 0.225049 0.214286 0.093933 0.111546
0 0.406067 0.405088 0.315068 0.313112
0 0.401174 0.399217 0.164384 0.164384
0 0.801370 0.802348 0.103718 0.101761
0 0.270059 0.270059 0.403131 0.403131
0 0.369863 0.366928 0.273973 0.260274
0 0.340509 0.344423 0.336595 0.328767
0 0.515656 0.516634 0.275930 0.270059
0 0.792564 0.807241 0.317025 0.283757
0 0.231898 0.230920 0.275930 0.277886
0 0.500000 0.499022 0.925636 0.915851
0 0.407045 0.405088 0.630137 0.622309
0 0.573386 0.582192 0.559687 0.577299
0 0.315068 0.318004 0.524462 0.506849
0 0.553816 0.552838 0.168297 0.170254
0 0.449119 0.450098 0.643836 0.645793
0 0.706458 0.702544 0.050881 0.043053
0 0.429550 0.449119 0.181996 0.142857
0 0.228963 0.227984 0.195695 0.181996
0 0.592955 0.592955 0.332681 0.309198
0 0.496086 0.495108 0.275930 0.277886
0 0.720157 0.720157 0.407045 0.414873
0 0.747554 0.748532 0.340509 0.342466
0 0.431507 0.436399 0.636008 0.649706
