0 0.432485 0.430528 0.802348 0.786693
0 0.201566 0.200587 0.262231 0.264188
0 0.509785 0.508806 0.960861 0.962818
0 0.083170 0.076321 0.095890 0.125245
0 0.030333 0.030333 0.005871 0.005871
0 0.234834 0.230920 0.093933 0.090020
0 0.154599 0.158513 0.234834 0.219178
0 0.490215 0.489237 0.401174 0.407045
0 0.566536 0.567515 0.534247 0.559687
0 0.429550 0.426614 0.318982 0.313112
0 0.361057 0.362035 0.342466 0.340509
0 0.303327 0.303327 0.461840 0.465753
0 0.551859 0.550881 0.070450 0.068493
0 0.419765 0.420744 0.178082 0.180039
0 0.520548 0.521526 0.070450 0.052838
0 0.583170 0.590020 0.395303 0.381605
0 0.442270 0.442270 0.720157 0.720157
0 0.883562 0.885519 0.131115 0.119374
0 0.514677 0.514677 0.551859 0.551859
0 0.701566 0.700587 0.236791 0.234834
