0 0.271037 0.271037 0.228963 0.225049
0 0.747554 0.745597 0.266145 0.262231
0 0.863992 0.863992 0.056751 0.056751
0 0.466732 0.466732 0.835616 0.835616
0 0.352250 0.353229 0.583170 0.581213
0 0.572407 0.567515 0.557730 0.547945
0 0.553816 0.549902 0.755382 0.751468
0 0.108611 0.108611 0.005871 0.005871
0 0.656556 0.649706 0.409002 0.395303
0 0.713307 0.716243 0.252446 0.258317
0 0.573386 0.572407 0.164384 0.162427
0 0.602740 0.599804 0.000000 0.001957
0 0.460861 0.460861 0.334638 0.334638
0 0.777886 0.779843 0.232877 0.228963
0 0.703523 0.707436 0.135029 0.146771
0 0.408023 0.407045 0.162427 0.164384
0 0.409980 0.409980 0.052838 0.052838
0 0.227984 0.227984 0.279843 0.279843
0 0.243640 0.243640 0.111546 0.115460
0 0.448141 0.445205 0.426614 0.420744
0 0.315068 0.313112 0.461840 0.465753
0 0.443249 0.442270 0.510763 0.508806
0 0.453033 0.451076 0.706458 0.710372
0 0.515656 0.515656 0.753425 0.753425
0 0.498043 0.495108 0.236791 0.234834
0 0.275930 0.274951 0.062622 0.060665
