0 0.167319 0.166341 0.072407 0.070450
0 0.222114 0.221135 0.225049 0.223092
0 0.105675 0.105675 0.031311 0.031311
0 0.381605 0.381605 0.590998 0.590998
0 0.251468 0.249511 0.197652 0.185910
0 0.177104 0.177104 0.303327 0.303327
0 0.571429 0.572407 0.035225 0.037182
0 0.498043 0.498043 0.076321 0.076321
0 0.615460 0.615460 0.181996 0.181996
0 0.401174 0.400196 0.363992 0.362035
0 0.315068 0.314090 0.442270 0.444227
0 0.431507 0.431507 0.221135 0.221135
0 0.599804 0.599804 0.342466 0.342466
0 0.710372 0.709393 0.109589 0.111546
0 0.535225 0.535225 0.499022 0.499022
0 0.670254 0.669276 0.240705 0.234834
0 0.431507 0.430528 0.726027 0.724070
0 0.839530 0.841487 0.019569 0.039139
0 0.466732 0.466732 0.745597 0.745597
0 0.375734 0.375734 0.469667 0.469667
0 0.299413 0.298434 0.395303 0.397260
0 0.484344 0.484344 0.315068 0.315068
0 0.403131 0.403131 0.113503 0.113503
0 0.725049 0.730920 0.393346 0.393346
0 0.776908 0.773973 0.407045 0.420744
