0 0.214286 0.209393 0.123288 0.133072
0 0.321918 0.318004 0.201566 0.213307
0 0.350294 0.351272 0.074364 0.076321
0 0.618395 0.615460 0.457926 0.452055
0 0.543053 0.525440 0.205479 0.170254
0 0.423679 0.422701 0.064579 0.066536
0 0.459883 0.457926 0.579256 0.579256
0 0.743640 0.743640 0.168297 0.168297
0 0.433464 0.431507 0.455969 0.452055
0 0.627202 0.628180 0.440313 0.434442
0 0.502935 0.503914 0.645793 0.643836
0 0.771037 0.764188 0.023483 0.009785
0 0.563601 0.564579 0.344423 0.350294
0 0.573386 0.573386 0.681018 0.681018
0 0.495108 0.496086 0.673190 0.663405
0 0.469667 0.480431 0.309198 0.315068
0 0.686888 0.685910 0.109589 0.111546
0 0.588063 0.586106 0.424658 0.416830
0 0.617417 0.618395 0.166341 0.125245
0 0.351272 0.356164 0.600783 0.590998
0 0.521526 0.541096 0.181996 0.185910
0 0.247554 0.246575 0.307241 0.301370
0 0.236791 0.228963 0.078278 0.093933
0 0.729941 0.725049 0.324853 0.311155
0 0.793542 0.786693 0.264188 0.254403
0 0.420744 0.437378 0.407045 0.412916
0 0.737769 0.734834 0.183953 0.181996
0 0.353229 0.353229 0.189824 0.193738
0 0.671233 0.672211 0.532290 0.534247
0 0.885519 0.912916 0.103718 0.099804
