0 0.227984 0.227006 0.264188 0.266145
0 0.086106 0.086106 0.019569 0.019569
0 0.317025 0.316047 0.403131 0.401174
0 0.436399 0.435421 0.696673 0.694716
0 0.504892 0.503914 0.806262 0.804305
0 0.401174 0.400196 0.567515 0.565558
0 0.187867 0.186888 0.230920 0.228963
0 0.479452 0.478474 0.262231 0.260274
0 0.336595 0.335616 0.011742 0.009785
0 0.429550 0.429550 0.107632 0.107632
0 0.576321 0.576321 0.448141 0.448141
0 0.471624 0.470646 0.254403 0.256360
0 0.338552 0.337573 0.528376 0.526419
0 0.546967 0.545988 0.123288 0.125245
0 0.684932 0.683953 0.148728 0.146771
0 0.401174 0.400196 0.356164 0.354207
0 0.616438 0.615460 0.039139 0.041096
0 0.793542 0.793542 0.279843 0.279843
0 0.561644 0.561644 0.497065 0.497065
0 0.518591 0.517613 0.677104 0.679061
0 0.643836 0.642857 0.387476 0.389432
0 0.421722 0.420744 0.804305 0.802348
0 0.794521 0.795499 0.050881 0.048924
