0 0.247554 0.247554 0.228963 0.221135
0 0.642857 0.643836 0.221135 0.230920
0 0.797456 0.797456 0.088063 0.088063
0 0.727984 0.725049 0.027397 0.029354
0 0.637965 0.637965 0.348337 0.348337
0 0.614481 0.618395 0.520548 0.528376
0 0.528376 0.528376 0.422701 0.422701
0 0.838552 0.838552 0.103718 0.103718
0 0.793542 0.793542 0.248532 0.248532
0 0.748532 0.748532 0.322896 0.322896
0 0.519569 0.517613 0.819961 0.816047
0 0.649706 0.649706 0.587084 0.587084
0 0.532290 0.533268 0.336595 0.338552
0 0.626223 0.626223 0.270059 0.270059
0 0.706458 0.710372 0.144814 0.136986
0 0.418787 0.417808 0.626223 0.624266
0 0.478474 0.478474 0.549902 0.549902
0 0.282779 0.282779 0.393346 0.393346
0 0.406067 0.406067 0.189824 0.189824
0 0.317025 0.318982 0.344423 0.340509
0 0.333659 0.335616 0.091977 0.088063
0 0.493151 0.493151 0.003914 0.003914
0 0.465753 0.467710 0.074364 0.082192
0 0.491194 0.493151 0.266145 0.266145
0 0.363992 0.361057 0.043053 0.048924
0 0.346380 0.345401 0.164384 0.170254
0 0.357143 0.357143 0.385519 0.377691
0 0.330724 0.335616 0.313112 0.322896
0 0.236791 0.235812 0.109589 0.115460
0 0.409002 0.408023 0.575342 0.573386
0 0.146771 0.146771 0.031311 0.039139
0 0.508806 0.508806 0.739726 0.739726
