0 0.367906 0.366928 0.438356 0.436399
0 0.267123 0.266145 0.197652 0.195695
0 0.105675 0.104697 0.168297 0.170254
0 0.160470 0.159491 0.003914 0.001957
0 0.368885 0.367906 0.346380 0.344423
0 0.437378 0.436399 0.534247 0.536204
0 0.490215 0.489237 0.189824 0.187867
0 0.213307 0.213307 0.363992 0.363992
0 0.449119 0.449119 0.091977 0.091977
0 0.399217 0.399217 0.050881 0.050881
0 0.302348 0.302348 0.264188 0.264188
0 0.620352 0.619374 0.407045 0.405088
0 0.385519 0.385519 0.559687 0.559687
0 0.489237 0.488258 0.371820 0.373777
0 0.663405 0.663405 0.019569 0.019569
0 0.762231 0.761252 0.170254 0.168297
0 0.639922 0.638943 0.555773 0.553816
0 0.761252 0.761252 0.336595 0.336595
0 0.583170 0.583170 0.661448 0.661448
0 0.899217 0.898239 0.068493 0.070450
0 0.565558 0.565558 0.172211 0.172211
0 0.841487 0.841487 0.223092 0.223092
0 0.533268 0.533268 0.604697 0.604697
