0 0.415851 0.416830 0.463796 0.465753
0 0.139922 0.139922 0.056751 0.056751
0 0.260274 0.258317 0.125245 0.136986
0 0.489237 0.488258 0.731898 0.722114
0 0.584149 0.586106 0.307241 0.311155
0 0.362035 0.363014 0.164384 0.166341
0 0.431507 0.432485 0.009785 0.011742
0 0.517613 0.512720 0.107632 0.136986
0 0.269080 0.270059 0.416830 0.418787
0 0.716243 0.711350 0.023483 0.037182
0 0.598826 0.599804 0.238748 0.228963
0 0.768102 0.769080 0.111546 0.109589
0 0.458904 0.448141 0.612524 0.583170
0 0.337573 0.337573 0.401174 0.401174
