0 0.061644 0.060665 0.029354 0.027397
0 0.395303 0.394325 0.735812 0.737769
0 0.209393 0.208415 0.172211 0.170254
0 0.135029 0.134051 0.086106 0.084149
0 0.274951 0.273973 0.432485 0.434442
0 0.349315 0.348337 0.577299 0.579256
0 0.495108 0.494129 0.328767 0.326810
0 0.281800 0.281800 0.082192 0.082192
0 0.231898 0.231898 0.221135 0.221135
0 0.362035 0.362035 0.058708 0.058708
0 0.395303 0.395303 0.136986 0.136986
0 0.502935 0.501957 0.160470 0.158513
0 0.440313 0.440313 0.309198 0.309198
0 0.346380 0.346380 0.450098 0.450098
0 0.595890 0.595890 0.029354 0.029354
0 0.748532 0.747554 0.252446 0.250489
0 0.593933 0.593933 0.526419 0.526419
0 0.788650 0.787671 0.105675 0.103718
0 0.646771 0.646771 0.405088 0.405088
0 0.533268 0.532290 0.714286 0.716243
0 0.720157 0.719178 0.187867 0.185910
0 0.451076 0.450098 0.800391 0.798434
