0 0.525440 0.525440 0.729941 0.726027
0 0.562622 0.564579 0.589041 0.577299
0 0.361057 0.362035 0.095890 0.090020
0 0.618395 0.621331 0.352250 0.365949
0 0.658513 0.662427 0.060665 0.064579
0 0.623288 0.619374 0.471624 0.475538
0 0.715264 0.714286 0.138943 0.133072
0 0.559687 0.560665 0.258317 0.264188
0 0.690802 0.689824 0.532290 0.538160
0 0.715264 0.701566 0.393346 0.362035
0 0.342466 0.342466 0.590998 0.590998
0 0.510763 0.511742 0.571429 0.569472
0 0.469667 0.468689 0.313112 0.315068
0 0.254403 0.255382 0.309198 0.303327
0 0.202544 0.194716 0.095890 0.088063
0 0.401174 0.401174 0.414873 0.410959
0 0.227006 0.227984 0.003914 0.001957
0 0.842466 0.863014 0.005871 0.015656
0 0.701566 0.705479 0.197652 0.205479
0 0.361057 0.368885 0.279843 0.303327
0 0.780822 0.784736 0.195695 0.160470
0 0.290607 0.282779 0.048924 0.033268
0 0.357143 0.351272 0.221135 0.201566
0 0.545010 0.545010 0.209393 0.205479
0 0.752446 0.764188 0.315068 0.291585
0 0.406067 0.404110 0.459883 0.455969
0 0.447162 0.448141 0.037182 0.043053
0 0.516634 0.518591 0.575342 0.571429
0 0.634051 0.634051 0.078278 0.082192
