0 0.253425 0.252446 0.244618 0.246575
0 0.188845 0.188845 0.060665 0.060665
0 0.106654 0.105675 0.127202 0.129159
0 0.549902 0.549902 0.739726 0.739726
0 0.420744 0.420744 0.136986 0.136986
0 0.207436 0.207436 0.332681 0.332681
0 0.642857 0.641879 0.530333 0.532290
0 0.492172 0.492172 0.287671 0.287671
0 0.299413 0.298434 0.129159 0.127202
0 0.527397 0.527397 0.232877 0.232877
0 0.374755 0.373777 0.545988 0.547945
0 0.725049 0.725049 0.213307 0.213307
0 0.450098 0.449119 0.457926 0.459883
0 0.633072 0.632094 0.091977 0.093933
0 0.632094 0.631115 0.442270 0.440313
0 0.519569 0.519569 0.737769 0.737769
0 0.704501 0.704501 0.352250 0.352250
0 0.832681 0.831703 0.017613 0.019569
