0 0.110568 0.115460 0.013699 0.023483
0 0.227006 0.227984 0.164384 0.162427
0 0.515656 0.516634 0.772994 0.771037
0 0.201566 0.203523 0.082192 0.078278
0 0.377691 0.376712 0.242661 0.256360
0 0.632094 0.632094 0.086106 0.086106
0 0.768102 0.765166 0.138943 0.136986
0 0.667319 0.666341 0.156556 0.154599
0 0.693738 0.694716 0.029354 0.039139
0 0.524462 0.528376 0.450098 0.438356
0 0.301370 0.301370 0.203523 0.211350
0 0.311155 0.323875 0.191781 0.189824
0 0.422701 0.417808 0.461840 0.448141
0 0.488258 0.474560 0.416830 0.440313
