0 0.351272 0.362035 0.459883 0.457926
0 0.290607 0.281800 0.322896 0.313112
0 0.460861 0.460861 0.001957 0.001957
0 0.501957 0.495108 0.095890 0.109589
0 0.248532 0.247554 0.133072 0.131115
0 0.611546 0.606654 0.495108 0.504892
0 0.559687 0.558708 0.645793 0.651663
0 0.779843 0.784736 0.279843 0.301370
0 0.439335 0.437378 0.315068 0.318982
0 0.598826 0.587084 0.015656 0.039139
0 0.540117 0.539139 0.199609 0.225049
0 0.131115 0.135029 0.140900 0.148728
0 0.511742 0.510763 0.526419 0.528376
0 0.875734 0.865949 0.009785 0.009785
0 0.191781 0.202544 0.066536 0.045010
0 0.411937 0.442270 0.667319 0.712329
0 0.642857 0.640900 0.459883 0.463796
0 0.576321 0.575342 0.299413 0.313112
0 0.395303 0.414873 0.516634 0.500978
0 0.395303 0.392368 0.340509 0.334638
0 0.256360 0.255382 0.407045 0.397260
0 0.375734 0.374755 0.078278 0.076321
0 0.610568 0.631115 0.097847 0.080235
0 0.671233 0.672211 0.340509 0.338552
0 0.320939 0.320939 0.207436 0.207436
0 0.530333 0.530333 0.590998 0.590998
0 0.816047 0.815068 0.050881 0.021526
0 0.319961 0.320939 0.142857 0.144814
0 0.503914 0.507828 0.651663 0.643836
0 0.782779 0.782779 0.144814 0.144814
