0 0.312133 0.306262 0.295499 0.287671
0 0.432485 0.431507 0.524462 0.526419
0 0.532290 0.535225 0.767123 0.772994
0 0.209393 0.206458 0.086106 0.084149
0 0.366928 0.364971 0.409002 0.412916
0 0.481409 0.482387 0.176125 0.181996
0 0.276908 0.274951 0.272016 0.272016
0 0.214286 0.220157 0.405088 0.373777
0 0.647750 0.677104 0.027397 0.066536
0 0.389432 0.389432 0.512720 0.512720
0 0.738748 0.743640 0.201566 0.219178
0 0.648728 0.650685 0.420744 0.420744
0 0.469667 0.465753 0.798434 0.794521
0 0.663405 0.681996 0.391389 0.362035
0 0.790607 0.792564 0.215264 0.176125
0 0.522505 0.523483 0.677104 0.679061
