0 0.301370 0.301370 0.504892 0.504892
0 0.416830 0.415851 0.105675 0.088063
0 0.591977 0.591977 0.581213 0.581213
0 0.208415 0.209393 0.338552 0.336595
0 0.201566 0.200587 0.180039 0.174168
0 0.248532 0.237769 0.446184 0.444227
0 0.476517 0.491194 0.557730 0.547945
0 0.460861 0.459883 0.283757 0.281800
0 0.329746 0.348337 0.131115 0.140900
0 0.555773 0.556751 0.285714 0.287671
0 0.677104 0.688845 0.340509 0.317025
0 0.476517 0.471624 0.432485 0.418787
0 0.287671 0.279843 0.305284 0.289628
0 0.219178 0.220157 0.035225 0.029354
0 0.678082 0.686888 0.107632 0.093933
0 0.736791 0.728963 0.185910 0.201566
0 0.396282 0.382583 0.502935 0.530333
0 0.524462 0.543053 0.716243 0.702544
0 0.550881 0.550881 0.142857 0.146771
0 0.753425 0.752446 0.234834 0.232877
0 0.521526 0.522505 0.123288 0.125245
0 0.797456 0.806262 0.076321 0.058708
0 0.842466 0.843444 0.080235 0.086106
0 0.477495 0.467710 0.422701 0.426614
0 0.357143 0.359100 0.264188 0.275930
0 0.622309 0.622309 0.093933 0.086106
0 0.610568 0.611546 0.493151 0.491194
0 0.555773 0.544031 0.673190 0.681018
0 0.643836 0.642857 0.512720 0.514677
0 0.599804 0.598826 0.033268 0.031311
0 0.494129 0.494129 0.792564 0.788650
0 0.342466 0.338552 0.156556 0.203523
