0 0.427593 0.426614 0.338552 0.340509
0 0.611546 0.610568 0.714286 0.724070
0 0.200587 0.199609 0.385519 0.383562
0 0.054795 0.054795 0.101761 0.101761
0 0.326810 0.325832 0.555773 0.557730
0 0.283757 0.278865 0.050881 0.045010
0 0.387476 0.385519 0.183953 0.187867
0 0.225049 0.225049 0.156556 0.148728
0 0.575342 0.561644 0.512720 0.524462
0 0.411937 0.407045 0.272016 0.277886
0 0.322896 0.325832 0.407045 0.401174
0 0.629159 0.628180 0.170254 0.176125
0 0.748532 0.751468 0.416830 0.414873
0 0.473581 0.472603 0.082192 0.080235
0 0.574364 0.574364 0.072407 0.072407
0 0.833659 0.832681 0.050881 0.052838
0 0.446184 0.445205 0.735812 0.737769
0 0.651663 0.650685 0.285714 0.279843
0 0.574364 0.574364 0.428571 0.428571
