0 0.484344 0.484344 0.733855 0.733855
0 0.144814 0.144814 0.113503 0.113503
0 0.402153 0.402153 0.663405 0.663405
0 0.092955 0.092955 0.029354 0.029354
0 0.475538 0.474560 0.328767 0.326810
0 0.429550 0.429550 0.123288 0.123288
0 0.206458 0.205479 0.252446 0.254403
0 0.636986 0.636008 0.596869 0.598826
0 0.310176 0.310176 0.072407 0.072407
0 0.269080 0.269080 0.178082 0.178082
0 0.600783 0.600783 0.457926 0.457926
0 0.346380 0.345401 0.418787 0.416830
0 0.436399 0.436399 0.234834 0.234834
0 0.564579 0.563601 0.045010 0.046967
0 0.621331 0.621331 0.009785 0.009785
0 0.667319 0.666341 0.156556 0.154599
0 0.567515 0.567515 0.602740 0.602740
0 0.713307 0.713307 0.205479 0.205479
0 0.852250 0.852250 0.005871 0.005871
