0 0.748532 0.747554 0.232877 0.234834
0 0.241683 0.241683 0.369863 0.362035
0 0.342466 0.341487 0.622309 0.620352
0 0.226027 0.225049 0.342466 0.344423
0 0.700587 0.701566 0.246575 0.244618
0 0.502935 0.501957 0.227006 0.228963
0 0.739726 0.738748 0.191781 0.193738
0 0.704501 0.705479 0.340509 0.338552
0 0.693738 0.687867 0.107632 0.099804
0 0.390411 0.387476 0.037182 0.043053
0 0.582192 0.581213 0.107632 0.109589
0 0.374755 0.373777 0.483366 0.485323
0 0.453033 0.452055 0.338552 0.320939
0 0.337573 0.336595 0.150685 0.152642
0 0.602740 0.602740 0.434442 0.438356
0 0.628180 0.629159 0.524462 0.526419
0 0.405088 0.405088 0.054795 0.054795
0 0.215264 0.212329 0.140900 0.135029
0 0.284736 0.285714 0.283757 0.285714
0 0.111546 0.110568 0.011742 0.013699
0 0.385519 0.384540 0.516634 0.514677
0 0.508806 0.505871 0.708415 0.706458
0 0.608611 0.609589 0.590998 0.581213
0 0.481409 0.481409 0.219178 0.219178
0 0.526419 0.522505 0.340509 0.317025
0 0.645793 0.644814 0.043053 0.045010
0 0.550881 0.545988 0.647750 0.641879
0 0.507828 0.505871 0.726027 0.726027
0 0.804305 0.806262 0.101761 0.090020
