0 0.248532 0.246575 0.168297 0.176125
0 0.397260 0.386497 0.430528 0.420744
0 0.432485 0.436399 0.739726 0.747554
0 0.613503 0.612524 0.272016 0.273973
0 0.152642 0.152642 0.054795 0.054795
0 0.352250 0.352250 0.328767 0.328767
0 0.681996 0.681996 0.260274 0.260274
0 0.752446 0.757339 0.080235 0.082192
0 0.796477 0.793542 0.031311 0.029354
0 0.549902 0.549902 0.485323 0.497065
0 0.426614 0.426614 0.614481 0.614481
0 0.414873 0.426614 0.512720 0.500978
0 0.509785 0.498043 0.698630 0.667319
0 0.548924 0.595890 0.902153 0.808219
