0 0.463796 0.477495 0.610568 0.594912
0 0.628180 0.634051 0.332681 0.363992
0 0.772994 0.772016 0.199609 0.221135
0 0.473581 0.481409 0.066536 0.093933
0 0.575342 0.584149 0.583170 0.565558
0 0.582192 0.582192 0.275930 0.279843
0 0.342466 0.336595 0.324853 0.328767
0 0.537182 0.538160 0.084149 0.086106
0 0.387476 0.394325 0.414873 0.428571
0 0.560665 0.561644 0.667319 0.669276
0 0.303327 0.300391 0.187867 0.181996
0 0.285714 0.282779 0.281800 0.275930
0 0.363014 0.362035 0.612524 0.602740
0 0.660470 0.658513 0.401174 0.397260
0 0.670254 0.671233 0.369863 0.407045
0 0.523483 0.536204 0.643836 0.653620
0 0.430528 0.431507 0.477495 0.471624
0 0.450098 0.463796 0.845401 0.802348
0 0.354207 0.354207 0.140900 0.140900
0 0.456947 0.465753 0.264188 0.246575
0 0.709393 0.708415 0.334638 0.332681
0 0.186888 0.187867 0.107632 0.101761
0 0.831703 0.839530 0.082192 0.054795
0 0.437378 0.436399 0.041096 0.023483
0 0.250489 0.258317 0.023483 0.035225
0 0.664384 0.662427 0.025440 0.021526
0 0.659491 0.659491 0.027397 0.027397
0 0.784736 0.788650 0.176125 0.172211
