0 0.974560 0.982387 0.050881 0.035225
0 0.546967 0.540117 0.906067 0.919765
0 0.144814 0.140900 0.086106 0.093933
0 0.496086 0.495108 0.091977 0.093933
0 0.273973 0.272016 0.375734 0.379648
0 0.351272 0.363992 0.522505 0.500978
0 0.448141 0.449119 0.794521 0.792564
0 0.901174 0.902153 0.123288 0.121331
0 0.652642 0.651663 0.491194 0.489237
0 0.575342 0.575342 0.681018 0.673190
0 0.580235 0.582192 0.420744 0.412916
0 0.497065 0.498043 0.473581 0.471624
0 0.412916 0.411937 0.528376 0.526419
0 0.763209 0.761252 0.399217 0.383562
0 0.807241 0.808219 0.295499 0.293542
0 0.829746 0.827789 0.273973 0.277886
0 0.676125 0.677104 0.052838 0.046967
0 0.633072 0.629159 0.178082 0.178082
0 0.737769 0.734834 0.054795 0.060665
0 0.753425 0.753425 0.422701 0.426614
0 0.507828 0.508806 0.088063 0.090020
0 0.629159 0.630137 0.346380 0.344423
0 0.344423 0.344423 0.176125 0.176125
0 0.450098 0.451076 0.187867 0.185910
0 0.531311 0.529354 0.475538 0.483366
0 0.588063 0.589041 0.624266 0.626223
0 0.177104 0.180039 0.291585 0.289628
0 0.110568 0.110568 0.041096 0.052838
0 0.333659 0.335616 0.303327 0.303327
0 0.344423 0.343444 0.168297 0.170254
0 0.212329 0.209393 0.248532 0.250489
0 0.246575 0.245597 0.066536 0.060665
0 0.315068 0.315068 0.074364 0.074364
0 0.362035 0.357143 0.504892 0.514677
