0 0.178082 0.181996 0.125245 0.133072
0 0.090998 0.089041 0.056751 0.060665
0 0.295499 0.295499 0.090020 0.090020
0 0.404110 0.398239 0.624266 0.624266
0 0.434442 0.436399 0.227006 0.234834
0 0.210372 0.210372 0.228963 0.225049
0 0.613503 0.614481 0.506849 0.516634
0 0.304305 0.305284 0.589041 0.587084
0 0.442270 0.448141 0.289628 0.270059
0 0.779843 0.781800 0.362035 0.362035
0 0.406067 0.406067 0.397260 0.397260
0 0.630137 0.629159 0.043053 0.060665
0 0.803327 0.803327 0.021526 0.021526
0 0.423679 0.423679 0.698630 0.698630
0 0.516634 0.517613 0.563601 0.565558
0 0.651663 0.651663 0.313112 0.297456
0 0.745597 0.743640 0.144814 0.148728
0 0.590998 0.590020 0.418787 0.420744
