0 0.397260 0.398239 0.383562 0.377691
0 0.429550 0.430528 0.272016 0.266145
0 0.422701 0.423679 0.520548 0.514677
0 0.551859 0.545010 0.571429 0.565558
0 0.511742 0.503914 0.518591 0.502935
0 0.559687 0.558708 0.250489 0.248532
0 0.186888 0.185910 0.307241 0.305284
0 0.739726 0.740705 0.391389 0.385519
0 0.495108 0.493151 0.254403 0.258317
0 0.280822 0.279843 0.381605 0.379648
0 0.421722 0.421722 0.694716 0.694716
0 0.651663 0.650685 0.320939 0.318982
0 0.402153 0.401174 0.698630 0.700587
0 0.291585 0.290607 0.285714 0.287671
0 0.655577 0.659491 0.160470 0.156556
0 0.502935 0.501957 0.767123 0.765166
0 0.315068 0.310176 0.062622 0.052838
0 0.305284 0.308219 0.101761 0.115460
0 0.550881 0.549902 0.033268 0.031311
0 0.452055 0.447162 0.790607 0.780822
0 0.484344 0.483366 0.409002 0.407045
0 0.514677 0.515656 0.054795 0.048924
0 0.641879 0.639922 0.140900 0.144814
0 0.216243 0.215264 0.119374 0.121331
0 0.318004 0.306262 0.409002 0.432485
0 0.700587 0.701566 0.289628 0.295499
0 0.179061 0.178082 0.025440 0.023483
0 0.721135 0.721135 0.056751 0.060665
0 0.817025 0.815068 0.095890 0.095890
0 0.373777 0.370841 0.121331 0.127202
0 0.346380 0.340509 0.031311 0.043053
0 0.409002 0.409980 0.500978 0.491194
0 0.085127 0.087084 0.107632 0.107632
0 0.660470 0.661448 0.495108 0.489237
0 0.574364 0.574364 0.068493 0.076321
