0 0.557730 0.557730 0.837573 0.864971
0 0.789628 0.798434 0.420744 0.403131
0 0.861057 0.863014 0.125245 0.121331
0 0.510763 0.511742 0.062622 0.052838
0 0.699609 0.697652 0.311155 0.318982
0 0.359100 0.356164 0.401174 0.395303
0 0.562622 0.562622 0.534247 0.526419
0 0.425636 0.425636 0.561644 0.561644
0 0.783757 0.784736 0.041096 0.043053
0 0.369863 0.368885 0.418787 0.416830
0 0.433464 0.433464 0.150685 0.150685
0 0.229941 0.230920 0.342466 0.336595
0 0.338552 0.338552 0.093933 0.093933
0 0.422701 0.421722 0.168297 0.178082
0 0.718200 0.727006 0.191781 0.170254
0 0.585127 0.588063 0.062622 0.068493
0 0.570450 0.569472 0.377691 0.375734
0 0.454012 0.451076 0.191781 0.197652
0 0.449119 0.449119 0.542074 0.549902
0 0.634051 0.633072 0.438356 0.440313
0 0.470646 0.471624 0.608611 0.606654
0 0.195695 0.196673 0.039139 0.041096
0 0.253425 0.256360 0.131115 0.136986
