0 0.541096 0.541096 0.714286 0.714286
0 0.799413 0.792564 0.174168 0.172211
0 0.778865 0.793542 0.176125 0.197652
0 0.111546 0.119374 0.129159 0.121331
0 0.235812 0.240705 0.056751 0.050881
0 0.538160 0.539139 0.704501 0.702544
0 0.286693 0.287671 0.201566 0.207436
0 0.406067 0.407045 0.487280 0.481409
0 0.360078 0.360078 0.379648 0.379648
0 0.560665 0.560665 0.318982 0.318982
0 0.248532 0.249511 0.305284 0.311155
0 0.420744 0.421722 0.046967 0.045010
0 0.639922 0.640900 0.481409 0.471624
0 0.398239 0.400196 0.099804 0.084149
0 0.469667 0.471624 0.136986 0.133072
0 0.235812 0.233855 0.432485 0.420744
0 0.526419 0.545988 0.211350 0.187867
0 0.797456 0.799413 0.346380 0.338552
0 0.680039 0.681018 0.103718 0.097847
0 0.664384 0.685910 0.001957 0.013699
0 0.444227 0.444227 0.360078 0.360078
0 0.523483 0.526419 0.322896 0.324853
0 0.343444 0.338552 0.581213 0.583170
0 0.464775 0.462818 0.855186 0.851272
0 0.527397 0.523483 0.686888 0.694716
0 0.862035 0.860078 0.025440 0.029354
