0 0.266145 0.266145 0.262231 0.262231
0 0.117417 0.116438 0.031311 0.029354
0 0.194716 0.194716 0.009785 0.009785
0 0.470646 0.470646 0.679061 0.679061
0 0.386497 0.378669 0.381605 0.401174
0 0.478474 0.477495 0.135029 0.133072
0 0.311155 0.310176 0.203523 0.201566
0 0.534247 0.533268 0.293542 0.295499
0 0.415851 0.415851 0.025440 0.025440
0 0.247554 0.248532 0.275930 0.273973
0 0.609589 0.608611 0.452055 0.454012
0 0.494129 0.493151 0.279843 0.277886
0 0.730920 0.731898 0.158513 0.160470
0 0.596869 0.595890 0.121331 0.119374
0 0.443249 0.442270 0.444227 0.446184
0 0.368885 0.368885 0.565558 0.565558
0 0.614481 0.614481 0.524462 0.524462
0 0.555773 0.555773 0.700587 0.700587
0 0.511742 0.510763 0.808219 0.810176
0 0.807241 0.806262 0.221135 0.223092
0 0.731898 0.730920 0.407045 0.405088
0 0.409980 0.409980 0.569472 0.569472
0 0.682975 0.683953 0.031311 0.037182
