0 0.421722 0.426614 0.514677 0.528376
0 0.201566 0.201566 0.023483 0.023483
0 0.375734 0.369863 0.375734 0.387476
0 0.553816 0.550881 0.767123 0.761252
0 0.504892 0.503914 0.649706 0.651663
0 0.148728 0.149706 0.109589 0.095890
0 0.254403 0.255382 0.176125 0.174168
0 0.579256 0.581213 0.305284 0.313112
0 0.513699 0.512720 0.142857 0.140900
0 0.232877 0.232877 0.332681 0.332681
0 0.351272 0.345401 0.232877 0.225049
0 0.796477 0.796477 0.328767 0.328767
0 0.377691 0.373777 0.551859 0.547945
0 0.448141 0.451076 0.426614 0.412916
0 0.573386 0.573386 0.136986 0.136986
0 0.496086 0.498043 0.283757 0.283757
0 0.662427 0.661448 0.045010 0.039139
0 0.704501 0.702544 0.109589 0.113503
0 0.609589 0.612524 0.538160 0.524462
0 0.906067 0.904110 0.011742 0.015656
0 0.818982 0.818982 0.178082 0.178082
0 0.768102 0.765166 0.307241 0.313112
0 0.517613 0.515656 0.710372 0.706458
0 0.693738 0.691781 0.444227 0.401174
0 0.464775 0.464775 0.866928 0.855186
