0 0.181018 0.180039 0.174168 0.172211
0 0.466732 0.466732 0.761252 0.761252
0 0.083170 0.083170 0.056751 0.056751
0 0.367906 0.363014 0.485323 0.514677
0 0.174168 0.173190 0.242661 0.244618
0 0.598826 0.596869 0.590998 0.594912
0 0.508806 0.507828 0.058708 0.060665
0 0.675147 0.675147 0.340509 0.340509
0 0.617417 0.616438 0.127202 0.125245
0 0.445205 0.444227 0.174168 0.176125
0 0.677104 0.676125 0.133072 0.135029
0 0.374755 0.373777 0.741683 0.743640
0 0.752446 0.752446 0.041096 0.041096
0 0.623288 0.622309 0.318982 0.320939
