0 0.353229 0.353229 0.455969 0.455969
0 0.348337 0.354207 0.352250 0.363992
0 0.291585 0.292564 0.203523 0.209393
0 0.548924 0.548924 0.761252 0.761252
0 0.428571 0.425636 0.536204 0.534247
0 0.218200 0.213307 0.076321 0.078278
0 0.338552 0.340509 0.113503 0.117417
0 0.395303 0.392368 0.003914 0.001957
0 0.439335 0.439335 0.080235 0.080235
0 0.677104 0.676125 0.508806 0.506849
0 0.525440 0.524462 0.193738 0.199609
0 0.245597 0.246575 0.420744 0.418787
0 0.654599 0.648728 0.362035 0.377691
0 0.484344 0.486301 0.256360 0.260274
0 0.607632 0.607632 0.103718 0.103718
0 0.423679 0.425636 0.499022 0.495108
0 0.328767 0.330724 0.610568 0.614481
0 0.750489 0.742661 0.197652 0.197652
0 0.691781 0.693738 0.072407 0.068493
0 0.811155 0.812133 0.287671 0.285714
0 0.775930 0.775930 0.244618 0.244618
0 0.949119 0.945205 0.003914 0.027397
0 0.702544 0.704501 0.410959 0.414873
0 0.595890 0.598826 0.647750 0.649706
0 0.891389 0.905088 0.072407 0.068493
0 0.655577 0.657534 0.520548 0.524462
0 0.573386 0.569472 0.755382 0.763209
0 0.109589 0.109589 0.031311 0.031311
0 0.090020 0.092955 0.093933 0.091977
0 0.452055 0.451076 0.579256 0.581213
