0 0.170254 0.170254 0.082192 0.082192
0 0.411937 0.411937 0.608611 0.608611
0 0.109589 0.109589 0.035225 0.035225
0 0.607632 0.606654 0.573386 0.575342
0 0.450098 0.450098 0.258317 0.258317
0 0.556751 0.555773 0.401174 0.403131
0 0.299413 0.299413 0.105675 0.105675
0 0.408023 0.408023 0.076321 0.076321
0 0.518591 0.518591 0.234834 0.234834
0 0.708415 0.708415 0.187867 0.187867
0 0.310176 0.309198 0.557730 0.559687
0 0.642857 0.642857 0.048924 0.048924
0 0.558708 0.558708 0.072407 0.072407
0 0.818982 0.818982 0.033268 0.033268
0 0.590998 0.590998 0.481409 0.481409
0 0.688845 0.688845 0.371820 0.371820
0 0.744618 0.743640 0.221135 0.219178
0 0.882583 0.881605 0.074364 0.072407
0 0.493151 0.493151 0.751468 0.751468
