0 0.544031 0.543053 0.771037 0.772994
0 0.351272 0.350294 0.624266 0.622309
0 0.593933 0.592955 0.667319 0.665362
0 0.451076 0.451076 0.510763 0.510763
0 0.774951 0.774951 0.332681 0.332681
0 0.719178 0.720157 0.033268 0.031311
0 0.608611 0.609589 0.160470 0.162427
0 0.578278 0.585127 0.272016 0.270059
0 0.416830 0.416830 0.113503 0.113503
0 0.383562 0.385519 0.371820 0.367906
0 0.538160 0.538160 0.027397 0.031311
0 0.499022 0.498043 0.391389 0.393346
0 0.315068 0.314090 0.121331 0.127202
0 0.254403 0.251468 0.277886 0.279843
0 0.322896 0.321918 0.461840 0.459883
0 0.050881 0.049902 0.003914 0.001957
0 0.100783 0.109589 0.021526 0.035225
0 0.384540 0.384540 0.268102 0.268102
0 0.925636 0.924658 0.000000 0.001957
0 0.823875 0.822896 0.277886 0.283757
0 0.600783 0.601761 0.289628 0.291585
0 0.573386 0.578278 0.500978 0.514677
0 0.422701 0.419765 0.798434 0.796477
0 0.735812 0.734834 0.360078 0.362035
