0 0.192759 0.193738 0.244618 0.242661
0 0.263209 0.264188 0.389432 0.387476
0 0.476517 0.481409 0.796477 0.802348
0 0.348337 0.349315 0.485323 0.518591
0 0.546967 0.547945 0.459883 0.457926
0 0.246575 0.245597 0.133072 0.138943
0 0.386497 0.390411 0.099804 0.119374
0 0.458904 0.461840 0.260274 0.266145
0 0.320939 0.329746 0.007828 0.005871
0 0.351272 0.352250 0.420744 0.422701
0 0.685910 0.686888 0.209393 0.207436
0 0.555773 0.556751 0.043053 0.045010
0 0.503914 0.502935 0.131115 0.129159
0 0.452055 0.453033 0.313112 0.315068
0 0.769080 0.770059 0.383562 0.381605
0 0.886497 0.887476 0.109589 0.107632
0 0.676125 0.677104 0.287671 0.289628
0 0.490215 0.491194 0.655577 0.657534
0 0.584149 0.585127 0.471624 0.473581
0 0.796477 0.797456 0.046967 0.048924
0 0.391389 0.391389 0.520548 0.520548
