0 0.184932 0.183953 0.201566 0.199609
0 0.089041 0.089041 0.041096 0.041096
0 0.426614 0.426614 0.657534 0.657534
0 0.479452 0.478474 0.774951 0.776908
0 0.343444 0.343444 0.428571 0.428571
0 0.153620 0.154599 0.033268 0.035225
0 0.448141 0.447162 0.266145 0.264188
0 0.435421 0.434442 0.178082 0.180039
0 0.613503 0.612524 0.620352 0.622309
0 0.282779 0.287671 0.154599 0.140900
0 0.341487 0.340509 0.033268 0.035225
0 0.556751 0.556751 0.432485 0.432485
0 0.579256 0.578278 0.043053 0.041096
0 0.734834 0.733855 0.287671 0.285714
0 0.449119 0.448141 0.354207 0.352250
0 0.542074 0.541096 0.105675 0.107632
0 0.630137 0.629159 0.035225 0.033268
0 0.842466 0.841487 0.048924 0.050881
0 0.605675 0.604697 0.530333 0.532290
0 0.665362 0.665362 0.414873 0.414873
0 0.524462 0.523483 0.594912 0.596869
0 0.710372 0.709393 0.242661 0.244618
