0 0.466732 0.466732 0.142857 0.142857
0 0.209393 0.210372 0.254403 0.260274
0 0.401174 0.400196 0.590998 0.589041
0 0.628180 0.626223 0.019569 0.023483
0 0.582192 0.580235 0.303327 0.307241
0 0.510763 0.511742 0.254403 0.260274
0 0.492172 0.491194 0.643836 0.634051
0 0.210372 0.210372 0.111546 0.111546
0 0.438356 0.439335 0.481409 0.475538
0 0.811155 0.811155 0.064579 0.068493
0 0.646771 0.644814 0.467710 0.471624
0 0.548924 0.542074 0.534247 0.547945
0 0.580235 0.580235 0.491194 0.487280
0 0.334638 0.333659 0.199609 0.201566
0 0.281800 0.281800 0.383562 0.375734
0 0.720157 0.728963 0.121331 0.103718
0 0.377691 0.378669 0.606654 0.612524
0 0.663405 0.664384 0.387476 0.381605
0 0.450098 0.449119 0.090020 0.091977
0 0.608611 0.609589 0.086106 0.088063
0 0.286693 0.292564 0.107632 0.088063
0 0.367906 0.363992 0.168297 0.168297
0 0.395303 0.408023 0.305284 0.330724
0 0.744618 0.743640 0.178082 0.180039
0 0.544031 0.544031 0.614481 0.606654
0 0.891389 0.893346 0.025440 0.033268
0 0.719178 0.718200 0.221135 0.219178
0 0.485323 0.480431 0.297456 0.295499
0 0.324853 0.323875 0.160470 0.150685
0 0.135029 0.134051 0.105675 0.107632
0 0.466732 0.465753 0.385519 0.387476
0 0.225049 0.226027 0.375734 0.381605
0 0.594912 0.594912 0.207436 0.207436
0 0.270059 0.269080 0.023483 0.021526
0 0.154599 0.149706 0.168297 0.162427
