0 0.545988 0.547945 0.320939 0.328767
0 0.484344 0.491194 0.823875 0.794521
0 0.818004 0.818004 0.027397 0.027397
0 0.552838 0.551859 0.119374 0.121331
0 0.687867 0.684932 0.346380 0.340509
0 0.743640 0.747554 0.152642 0.195695
0 0.649706 0.652642 0.023483 0.029354
0 0.436399 0.433464 0.007828 0.005871
0 0.151663 0.151663 0.131115 0.131115
0 0.351272 0.351272 0.604697 0.604697
0 0.491194 0.503914 0.238748 0.248532
0 0.497065 0.496086 0.176125 0.181996
0 0.583170 0.583170 0.555773 0.559687
0 0.834638 0.827789 0.056751 0.054795
0 0.723092 0.719178 0.205479 0.197652
0 0.548924 0.542074 0.381605 0.367906
0 0.285714 0.285714 0.133072 0.129159
0 0.636008 0.636986 0.422701 0.424658
0 0.689824 0.697652 0.052838 0.091977
0 0.305284 0.299413 0.309198 0.297456
0 0.297456 0.296477 0.258317 0.256360
0 0.231898 0.232877 0.279843 0.273973
0 0.620352 0.623288 0.532290 0.491194
0 0.805284 0.810176 0.307241 0.317025
0 0.496086 0.497065 0.534247 0.555773
0 0.461840 0.456947 0.426614 0.436399
0 0.482387 0.478474 0.432485 0.424658
0 0.369863 0.369863 0.567515 0.567515
0 0.723092 0.730920 0.275930 0.248532
0 0.438356 0.440313 0.414873 0.414873
