0 0.795499 0.806262 0.307241 0.285714
0 0.876712 0.877691 0.039139 0.029354
0 0.416830 0.414873 0.403131 0.407045
0 0.388454 0.386497 0.432485 0.499022
0 0.598826 0.598826 0.058708 0.058708
0 0.734834 0.736791 0.166341 0.170254
0 0.356164 0.356164 0.136986 0.136986
0 0.594912 0.592955 0.571429 0.571429
0 0.552838 0.550881 0.686888 0.686888
0 0.437378 0.435421 0.796477 0.792564
0 0.794521 0.786693 0.093933 0.105675
0 0.798434 0.801370 0.148728 0.146771
0 0.716243 0.715264 0.332681 0.334638
0 0.631115 0.634051 0.463796 0.454012
0 0.562622 0.563601 0.185910 0.187867
0 0.677104 0.676125 0.082192 0.080235
0 0.318004 0.317025 0.158513 0.156556
0 0.476517 0.482387 0.131115 0.142857
0 0.643836 0.640900 0.430528 0.432485
0 0.577299 0.576321 0.348337 0.346380
0 0.160470 0.157534 0.144814 0.146771
0 0.334638 0.335616 0.379648 0.377691
0 0.363014 0.359100 0.506849 0.514677
0 0.272994 0.274951 0.287671 0.291585
0 0.456947 0.462818 0.146771 0.135029
0 0.262231 0.258317 0.317025 0.309198
0 0.429550 0.426614 0.608611 0.614481
0 0.522505 0.517613 0.669276 0.675147
