0 0.040117 0.039139 0.048924 0.046967
0 0.320939 0.320939 0.450098 0.450098
0 0.467710 0.466732 0.720157 0.718200
0 0.359100 0.359100 0.506849 0.506849
0 0.100783 0.100783 0.068493 0.068493
0 0.637965 0.636986 0.575342 0.573386
0 0.514677 0.513699 0.317025 0.318982
0 0.456947 0.455969 0.170254 0.168297
0 0.316047 0.316047 0.095890 0.095890
0 0.566536 0.565558 0.358121 0.356164
0 0.227984 0.227984 0.236791 0.236791
0 0.374755 0.373777 0.041096 0.039139
0 0.343444 0.343444 0.530333 0.530333
0 0.741683 0.740705 0.320939 0.318982
0 0.638943 0.637965 0.033268 0.031311
0 0.549902 0.549902 0.070450 0.070450
0 0.413894 0.412916 0.346380 0.348337
0 0.495108 0.494129 0.332681 0.330724
0 0.603718 0.603718 0.510763 0.510763
0 0.870841 0.869863 0.035225 0.033268
0 0.446184 0.446184 0.755382 0.755382
0 0.680039 0.679061 0.389432 0.391389
0 0.513699 0.513699 0.643836 0.643836
0 0.847358 0.846380 0.093933 0.095890
0 0.232877 0.231898 0.176125 0.174168
