0 0.581213 0.581213 0.665362 0.665362
0 0.727006 0.727006 0.080235 0.080235
0 0.614481 0.601761 0.465753 0.459883
0 0.310176 0.311155 0.600783 0.594912
0 0.654599 0.654599 0.041096 0.025440
0 0.662427 0.663405 0.569472 0.571429
0 0.331703 0.330724 0.068493 0.066536
0 0.782779 0.781800 0.227006 0.228963
0 0.878669 0.874755 0.007828 0.003914
0 0.146771 0.144814 0.266145 0.258317
0 0.583170 0.583170 0.203523 0.207436
0 0.429550 0.455969 0.017613 0.035225
0 0.486301 0.487280 0.166341 0.172211
0 0.214286 0.220157 0.056751 0.037182
0 0.336595 0.336595 0.199609 0.223092
0 0.462818 0.476517 0.651663 0.667319
0 0.511742 0.506849 0.549902 0.559687
0 0.422701 0.421722 0.493151 0.479452
0 0.798434 0.796477 0.140900 0.136986
0 0.634051 0.634051 0.348337 0.352250
0 0.303327 0.293542 0.336595 0.328767
0 0.279843 0.276908 0.117417 0.119374
0 0.706458 0.722114 0.219178 0.227006
0 0.450098 0.450098 0.469667 0.469667
0 0.610568 0.610568 0.125245 0.101761
0 0.699609 0.703523 0.416830 0.373777
0 0.549902 0.544031 0.567515 0.575342
0 0.450098 0.451076 0.414873 0.412916
0 0.366928 0.362035 0.248532 0.223092
0 0.527397 0.528376 0.236791 0.238748
