0 0.445205 0.446184 0.882583 0.884540
0 0.738748 0.738748 0.107632 0.107632
0 0.252446 0.253425 0.473581 0.471624
0 0.110568 0.110568 0.041096 0.048924
0 0.544031 0.541096 0.105675 0.103718
0 0.547945 0.548924 0.410959 0.405088
0 0.631115 0.631115 0.639922 0.639922
0 0.618395 0.616438 0.043053 0.046967
0 0.532290 0.532290 0.751468 0.743640
0 0.670254 0.670254 0.495108 0.518591
0 0.714286 0.713307 0.015656 0.013699
0 0.265166 0.254403 0.146771 0.168297
0 0.300391 0.300391 0.009785 0.009785
0 0.719178 0.718200 0.201566 0.199609
0 0.442270 0.442270 0.422701 0.422701
0 0.581213 0.582192 0.250489 0.244618
0 0.593933 0.586106 0.604697 0.589041
0 0.391389 0.390411 0.610568 0.612524
0 0.388454 0.387476 0.228963 0.195695
0 0.440313 0.440313 0.340509 0.348337
0 0.829746 0.830724 0.168297 0.162427
0 0.189824 0.188845 0.113503 0.119374
0 0.647750 0.647750 0.332681 0.332681
0 0.459883 0.436399 0.078278 0.097847
0 0.475538 0.474560 0.508806 0.506849
0 0.670254 0.670254 0.405088 0.405088
0 0.306262 0.305284 0.107632 0.117417
0 0.331703 0.329746 0.549902 0.553816
0 0.374755 0.375734 0.600783 0.594912
0 0.609589 0.610568 0.272016 0.301370
0 0.288650 0.286693 0.401174 0.385519
0 0.430528 0.429550 0.563601 0.561644
0 0.458904 0.457926 0.052838 0.062622
0 0.509785 0.502935 0.491194 0.493151
0 0.202544 0.203523 0.264188 0.270059
0 0.864971 0.864971 0.019569 0.027397
0 0.166341 0.149706 0.156556 0.150685
