0 0.135029 0.134051 0.039139 0.041096
0 0.100783 0.100783 0.146771 0.146771
0 0.221135 0.220157 0.133072 0.135029
0 0.362035 0.361057 0.485323 0.487280
0 0.427593 0.427593 0.545988 0.545988
0 0.519569 0.519569 0.726027 0.726027
0 0.264188 0.264188 0.254403 0.254403
0 0.637965 0.636986 0.497065 0.499022
0 0.490215 0.487280 0.103718 0.133072
0 0.673190 0.672211 0.093933 0.095890
0 0.543053 0.543053 0.197652 0.197652
0 0.593933 0.592955 0.095890 0.097847
0 0.593933 0.592955 0.596869 0.594912
0 0.803327 0.802348 0.162427 0.160470
0 0.671233 0.671233 0.540117 0.540117
0 0.882583 0.882583 0.011742 0.011742
0 0.743640 0.743640 0.281800 0.281800
0 0.519569 0.519569 0.761252 0.761252
