0 0.539139 0.539139 0.107632 0.103718
0 0.600783 0.599804 0.618395 0.616438
0 0.765166 0.764188 0.187867 0.185910
0 0.683953 0.690802 0.440313 0.442270
0 0.530333 0.529354 0.743640 0.741683
0 0.440313 0.441292 0.367906 0.362035
0 0.709393 0.709393 0.385519 0.385519
0 0.393346 0.391389 0.360078 0.363992
0 0.430528 0.433464 0.113503 0.103718
0 0.607632 0.608611 0.189824 0.195695
0 0.377691 0.379648 0.743640 0.747554
0 0.449119 0.447162 0.745597 0.741683
0 0.050881 0.050881 0.066536 0.066536
0 0.613503 0.630137 0.037182 0.003914
0 0.222114 0.222114 0.115460 0.111546
0 0.699609 0.699609 0.107632 0.115460
0 0.419765 0.412916 0.409002 0.387476
0 0.685910 0.689824 0.354207 0.354207
0 0.475538 0.476517 0.031311 0.025440
0 0.929550 0.925636 0.019569 0.019569
0 0.183953 0.181018 0.121331 0.107632
0 0.386497 0.386497 0.103718 0.103718
0 0.298434 0.298434 0.013699 0.005871
0 0.304305 0.303327 0.369863 0.360078
0 0.213307 0.214286 0.340509 0.346380
0 0.379648 0.382583 0.626223 0.600783
0 0.768102 0.769080 0.142857 0.144814
0 0.492172 0.497065 0.448141 0.438356
0 0.254403 0.254403 0.489237 0.477495
0 0.091977 0.091977 0.086106 0.090020
0 0.522505 0.519569 0.238748 0.240705
0 0.363992 0.364971 0.497065 0.502935
0 0.366928 0.365949 0.099804 0.101761
0 0.471624 0.473581 0.391389 0.395303
0 0.813112 0.811155 0.005871 0.009785
0 0.296477 0.296477 0.455969 0.467710
