0 0.132094 0.135029 0.021526 0.027397
0 0.297456 0.297456 0.340509 0.340509
0 0.401174 0.401174 0.559687 0.559687
0 0.337573 0.337573 0.416830 0.416830
0 0.236791 0.236791 0.113503 0.113503
0 0.518591 0.518591 0.774951 0.774951
0 0.250489 0.250489 0.309198 0.305284
0 0.612524 0.612524 0.465753 0.465753
0 0.280822 0.280822 0.213307 0.213307
0 0.325832 0.325832 0.084149 0.084149
0 0.545010 0.544031 0.232877 0.230920
0 0.621331 0.621331 0.052838 0.052838
0 0.555773 0.555773 0.133072 0.133072
0 0.466732 0.466732 0.311155 0.311155
0 0.429550 0.429550 0.467710 0.467710
0 0.345401 0.345401 0.667319 0.667319
0 0.504892 0.504892 0.724070 0.724070
0 0.641879 0.640900 0.461840 0.463796
0 0.592955 0.592955 0.598826 0.598826
0 0.836595 0.836595 0.021526 0.021526
0 0.777886 0.776908 0.154599 0.152642
0 0.434442 0.434442 0.007828 0.007828
