0 0.332681 0.328767 0.301370 0.293542
0 0.633072 0.633072 0.483366 0.487280
0 0.358121 0.373777 0.046967 0.078278
0 0.219178 0.219178 0.379648 0.375734
0 0.512720 0.507828 0.019569 0.029354
0 0.810176 0.811155 0.050881 0.056751
0 0.535225 0.535225 0.326810 0.354207
0 0.387476 0.383562 0.340509 0.336595
0 0.791585 0.792564 0.064579 0.070450
0 0.660470 0.659491 0.213307 0.215264
0 0.551859 0.551859 0.544031 0.551859
0 0.108611 0.123288 0.041096 0.039139
0 0.604697 0.605675 0.422701 0.424658
0 0.468689 0.466732 0.655577 0.663405
0 0.466732 0.462818 0.256360 0.252446
0 0.312133 0.336595 0.444227 0.442270
0 0.654599 0.658513 0.311155 0.318982
0 0.184932 0.183953 0.107632 0.105675
0 0.666341 0.668297 0.123288 0.127202
0 0.457926 0.456947 0.696673 0.698630
0 0.606654 0.606654 0.050881 0.046967
0 0.294521 0.292564 0.119374 0.115460
0 0.428571 0.440313 0.673190 0.649706
0 0.578278 0.576321 0.448141 0.455969
0 0.369863 0.375734 0.015656 0.007828
0 0.756360 0.756360 0.412916 0.412916
0 0.414873 0.411937 0.391389 0.412916
0 0.878669 0.879648 0.183953 0.201566
0 0.637965 0.639922 0.066536 0.070450
0 0.238748 0.252446 0.277886 0.273973
0 0.503914 0.501957 0.209393 0.205479
