0 0.250489 0.251468 0.387476 0.385519
0 0.107632 0.127202 0.117417 0.156556
0 0.284736 0.291585 0.221135 0.234834
0 0.128180 0.127202 0.084149 0.086106
0 0.652642 0.651663 0.459883 0.457926
0 0.547945 0.548924 0.845401 0.843444
0 0.445205 0.451076 0.534247 0.534247
0 0.863992 0.863992 0.099804 0.099804
0 0.653620 0.651663 0.324853 0.328767
0 0.646771 0.647750 0.479452 0.481409
0 0.800391 0.799413 0.183953 0.181996
0 0.427593 0.428571 0.013699 0.015656
0 0.408023 0.411937 0.444227 0.452055
0 0.500000 0.498043 0.526419 0.522505
0 0.356164 0.356164 0.379648 0.379648
0 0.506849 0.501957 0.677104 0.667319
0 0.496086 0.495108 0.647750 0.641879
0 0.647750 0.642857 0.583170 0.573386
0 0.187867 0.187867 0.031311 0.035225
0 0.524462 0.524462 0.176125 0.207436
0 0.393346 0.393346 0.144814 0.144814
0 0.294521 0.293542 0.201566 0.195695
0 0.366928 0.368885 0.119374 0.127202
0 0.455969 0.455969 0.442270 0.442270
0 0.531311 0.529354 0.275930 0.279843
0 0.593933 0.587084 0.201566 0.199609
0 0.687867 0.687867 0.072407 0.072407
0 0.628180 0.628180 0.015656 0.015656
