0 0.476517 0.476517 0.178082 0.178082
0 0.604697 0.595890 0.473581 0.467710
0 0.620352 0.620352 0.528376 0.528376
0 0.414873 0.416830 0.066536 0.078278
0 0.519569 0.521526 0.342466 0.346380
0 0.303327 0.299413 0.277886 0.258317
0 0.354207 0.354207 0.266145 0.254403
0 0.585127 0.580235 0.082192 0.072407
0 0.255382 0.254403 0.322896 0.324853
0 0.460861 0.454012 0.467710 0.465753
0 0.638943 0.639922 0.174168 0.168297
0 0.919765 0.920744 0.023483 0.029354
0 0.610568 0.610568 0.508806 0.504892
0 0.092955 0.092955 0.017613 0.013699
0 0.834638 0.833659 0.201566 0.207436
0 0.546967 0.546967 0.428571 0.424658
0 0.626223 0.618395 0.250489 0.246575
0 0.409980 0.407045 0.170254 0.168297
0 0.748532 0.747554 0.295499 0.297456
0 0.761252 0.771037 0.011742 0.031311
0 0.485323 0.475538 0.164384 0.195695
0 0.801370 0.803327 0.150685 0.154599
0 0.498043 0.499022 0.792564 0.798434
0 0.738748 0.739726 0.393346 0.391389
0 0.891389 0.900196 0.154599 0.117417
0 0.635029 0.635029 0.185910 0.189824
0 0.330724 0.330724 0.481409 0.481409
0 0.368885 0.367906 0.052838 0.054795
0 0.317025 0.317025 0.062622 0.050881
0 0.378669 0.378669 0.647750 0.655577
0 0.392368 0.392368 0.412916 0.412916
0 0.584149 0.586106 0.722114 0.718200
0 0.301370 0.301370 0.395303 0.418787
0 0.748532 0.742661 0.428571 0.405088
0 0.430528 0.437378 0.485323 0.487280
0 0.227984 0.230920 0.170254 0.191781
0 0.551859 0.552838 0.164384 0.170254
0 0.602740 0.602740 0.230920 0.238748
0 0.406067 0.417808 0.667319 0.659491
0 0.832681 0.828767 0.193738 0.209393
