0 0.151663 0.151663 0.264188 0.264188
0 0.076321 0.075342 0.101761 0.099804
0 0.268102 0.268102 0.461840 0.461840
0 0.501957 0.501957 0.831703 0.831703
0 0.414873 0.414873 0.724070 0.724070
0 0.314090 0.314090 0.530333 0.530333
0 0.214286 0.214286 0.283757 0.283757
0 0.277886 0.277886 0.027397 0.027397
0 0.248532 0.247554 0.160470 0.158513
0 0.483366 0.483366 0.336595 0.336595
0 0.656556 0.656556 0.225049 0.225049
0 0.311155 0.311155 0.532290 0.532290
0 0.617417 0.617417 0.127202 0.127202
0 0.430528 0.429550 0.242661 0.240705
0 0.350294 0.350294 0.426614 0.426614
0 0.498043 0.498043 0.138943 0.138943
0 0.535225 0.535225 0.612524 0.612524
0 0.710372 0.709393 0.148728 0.146771
0 0.680039 0.680039 0.369863 0.369863
0 0.564579 0.564579 0.506849 0.506849
0 0.818004 0.817025 0.011742 0.009785
0 0.564579 0.563601 0.514677 0.516634
