0 0.297456 0.296477 0.422701 0.424658
0 0.223092 0.223092 0.227006 0.227006
0 0.144814 0.144814 0.090020 0.090020
0 0.073386 0.072407 0.064579 0.066536
0 0.379648 0.379648 0.559687 0.559687
0 0.460861 0.459883 0.698630 0.700587
0 0.379648 0.378669 0.093933 0.091977
0 0.329746 0.329746 0.033268 0.033268
0 0.620352 0.620352 0.504892 0.504892
0 0.470646 0.470646 0.256360 0.256360
0 0.539139 0.538160 0.354207 0.356164
0 0.333659 0.333659 0.514677 0.514677
0 0.421722 0.420744 0.318982 0.317025
0 0.502935 0.502935 0.223092 0.223092
0 0.611546 0.610568 0.033268 0.031311
0 0.751468 0.750489 0.277886 0.275930
0 0.678082 0.677104 0.138943 0.140900
0 0.590998 0.590020 0.485323 0.487280
0 0.743640 0.743640 0.183953 0.183953
0 0.678082 0.678082 0.318982 0.318982
0 0.529354 0.528376 0.659491 0.661448
0 0.440313 0.439335 0.837573 0.835616
0 0.903131 0.902153 0.052838 0.050881
0 0.827789 0.826810 0.039139 0.041096
