0 0.825832 0.831703 0.129159 0.113503
0 0.679061 0.677104 0.281800 0.285714
0 0.617417 0.625245 0.377691 0.389432
0 0.523483 0.522505 0.686888 0.684932
0 0.540117 0.541096 0.015656 0.013699
0 0.581213 0.582192 0.563601 0.561644
0 0.337573 0.341487 0.138943 0.146771
0 0.308219 0.307241 0.021526 0.019569
0 0.391389 0.391389 0.336595 0.332681
0 0.333659 0.332681 0.589041 0.587084
0 0.414873 0.416830 0.297456 0.293542
0 0.712329 0.711350 0.246575 0.252446
0 0.209393 0.209393 0.168297 0.176125
0 0.192759 0.199609 0.303327 0.285714
0 0.490215 0.499022 0.420744 0.430528
0 0.556751 0.552838 0.616438 0.628180
0 0.853229 0.854207 0.054795 0.052838
0 0.405088 0.412916 0.360078 0.367906
