0 0.364971 0.364971 0.424658 0.424658
0 0.085127 0.085127 0.072407 0.072407
0 0.181996 0.188845 0.183953 0.170254
0 0.532290 0.530333 0.716243 0.720157
0 0.149706 0.148728 0.017613 0.003914
0 0.415851 0.415851 0.545988 0.545988
0 0.329746 0.327789 0.334638 0.330724
0 0.272016 0.277886 0.227006 0.219178
0 0.350294 0.347358 0.054795 0.064579
0 0.612524 0.615460 0.450098 0.455969
0 0.533268 0.532290 0.275930 0.277886
0 0.450098 0.446184 0.027397 0.090020
0 0.213307 0.208415 0.317025 0.307241
0 0.369863 0.367906 0.571429 0.563601
0 0.654599 0.681018 0.005871 0.062622
0 0.547945 0.548924 0.246575 0.248532
0 0.474560 0.477495 0.432485 0.407045
0 0.612524 0.613503 0.136986 0.135029
0 0.479452 0.479452 0.900196 0.853229
0 0.685910 0.688845 0.459883 0.450098
0 0.916830 0.917808 0.005871 0.003914
0 0.776908 0.775930 0.266145 0.264188
0 0.826810 0.834638 0.146771 0.146771
