0 0.666341 0.662427 0.099804 0.099804
0 0.790607 0.798434 0.058708 0.054795
0 0.688845 0.685910 0.078278 0.064579
0 0.331703 0.326810 0.236791 0.238748
0 0.436399 0.436399 0.622309 0.622309
0 0.546967 0.552838 0.459883 0.448141
0 0.583170 0.584149 0.285714 0.287671
0 0.381605 0.383562 0.152642 0.148728
0 0.433464 0.431507 0.072407 0.072407
0 0.517613 0.517613 0.761252 0.761252
0 0.259295 0.263209 0.459883 0.452055
0 0.292564 0.293542 0.303327 0.313112
0 0.468689 0.471624 0.522505 0.516634
0 0.552838 0.559687 0.181996 0.180039
0 0.216243 0.218200 0.174168 0.178082
0 0.404110 0.402153 0.769080 0.772994
0 0.251468 0.250489 0.236791 0.242661
