0 0.364971 0.366928 0.710372 0.706458
0 0.239726 0.238748 0.389432 0.387476
0 0.046967 0.079256 0.090020 0.099804
0 0.285714 0.285714 0.504892 0.508806
0 0.363992 0.365949 0.164384 0.172211
0 0.322896 0.320939 0.046967 0.046967
0 0.600783 0.599804 0.673190 0.675147
0 0.212329 0.213307 0.170254 0.168297
0 0.457926 0.457926 0.320939 0.324853
0 0.536204 0.521526 0.477495 0.475538
0 0.612524 0.607632 0.125245 0.135029
0 0.571429 0.572407 0.035225 0.037182
0 0.362035 0.371820 0.320939 0.301370
0 0.316047 0.315068 0.487280 0.489237
0 0.476517 0.479452 0.131115 0.125245
0 0.715264 0.715264 0.365949 0.365949
0 0.566536 0.566536 0.428571 0.428571
0 0.666341 0.667319 0.272016 0.266145
0 0.496086 0.496086 0.604697 0.596869
0 0.809198 0.813112 0.045010 0.052838
0 0.712329 0.711350 0.086106 0.091977
