0 0.309198 0.308219 0.371820 0.373777
0 0.262231 0.261252 0.242661 0.244618
0 0.186888 0.185910 0.068493 0.066536
0 0.406067 0.406067 0.514677 0.514677
0 0.496086 0.496086 0.682975 0.682975
0 0.418787 0.418787 0.074364 0.074364
0 0.275930 0.275930 0.289628 0.289628
0 0.520548 0.520548 0.215264 0.215264
0 0.363992 0.363992 0.066536 0.066536
0 0.578278 0.577299 0.287671 0.285714
0 0.648728 0.648728 0.491194 0.491194
0 0.463796 0.462818 0.434442 0.432485
0 0.375734 0.374755 0.536204 0.534247
0 0.513699 0.513699 0.318982 0.318982
0 0.767123 0.766145 0.195695 0.197652
0 0.539139 0.538160 0.714286 0.716243
0 0.489237 0.488258 0.857143 0.855186
0 0.703523 0.702544 0.412916 0.414873
0 0.768102 0.768102 0.299413 0.299413
0 0.944227 0.944227 0.021526 0.021526
0 0.815068 0.815068 0.170254 0.170254
0 0.112524 0.111546 0.052838 0.050881
0 0.739726 0.738748 0.160470 0.158513
