0 0.239726 0.239726 0.205479 0.205479
0 0.416830 0.416830 0.547945 0.547945
0 0.143836 0.143836 0.033268 0.033268
0 0.353229 0.353229 0.409002 0.409002
0 0.619374 0.620352 0.479452 0.481409
0 0.306262 0.306262 0.174168 0.174168
0 0.601761 0.600783 0.393346 0.395303
0 0.350294 0.349315 0.019569 0.021526
0 0.202544 0.202544 0.330724 0.330724
0 0.597847 0.597847 0.080235 0.080235
0 0.726027 0.726027 0.133072 0.133072
0 0.311155 0.311155 0.610568 0.610568
0 0.513699 0.512720 0.291585 0.293542
0 0.586106 0.584149 0.612524 0.612524
0 0.797456 0.797456 0.193738 0.193738
0 0.704501 0.703523 0.387476 0.389432
0 0.643836 0.642857 0.524462 0.526419
0 0.474560 0.471624 0.831703 0.825832
0 0.901174 0.901174 0.056751 0.056751
