0 0.537182 0.538160 0.839530 0.841487
0 0.517613 0.517613 0.416830 0.416830
0 0.587084 0.590020 0.317025 0.315068
0 0.815068 0.814090 0.272016 0.270059
0 0.749511 0.749511 0.191781 0.191781
0 0.350294 0.350294 0.422701 0.422701
0 0.363992 0.363992 0.301370 0.301370
0 0.399217 0.404110 0.148728 0.154599
0 0.319961 0.320939 0.068493 0.070450
0 0.369863 0.369863 0.082192 0.086106
0 0.463796 0.465753 0.324853 0.328767
0 0.204501 0.204501 0.260274 0.260274
0 0.436399 0.436399 0.262231 0.262231
0 0.733855 0.733855 0.340509 0.340509
0 0.575342 0.578278 0.684932 0.686888
0 0.652642 0.658513 0.608611 0.600783
0 0.529354 0.536204 0.925636 0.911937
0 0.719178 0.719178 0.052838 0.052838
0 0.661448 0.660470 0.097847 0.095890
0 0.445205 0.445205 0.545988 0.545988
0 0.690802 0.691781 0.313112 0.311155
0 0.655577 0.656556 0.191781 0.197652
0 0.573386 0.574364 0.097847 0.099804
0 0.526419 0.527397 0.414873 0.412916
0 0.590020 0.588063 0.596869 0.596869
0 0.449119 0.451076 0.682975 0.686888
0 0.222114 0.220157 0.228963 0.232877
0 0.193738 0.197652 0.160470 0.160470
0 0.357143 0.359100 0.393346 0.397260
0 0.123288 0.123288 0.050881 0.050881
