0 0.330724 0.329746 0.434442 0.436399
0 0.192759 0.192759 0.256360 0.256360
0 0.408023 0.408023 0.643836 0.643836
0 0.459883 0.458904 0.778865 0.780822
0 0.117417 0.117417 0.101761 0.101761
0 0.093933 0.093933 0.000000 0.000000
0 0.545010 0.545010 0.475538 0.475538
0 0.410959 0.410959 0.199609 0.199609
0 0.491194 0.491194 0.344423 0.344423
0 0.620352 0.619374 0.594912 0.596869
0 0.328767 0.328767 0.023483 0.023483
0 0.298434 0.298434 0.150685 0.150685
0 0.232877 0.232877 0.301370 0.301370
0 0.634051 0.634051 0.148728 0.148728
0 0.482387 0.481409 0.174168 0.176125
0 0.698630 0.698630 0.136986 0.136986
0 0.752446 0.752446 0.311155 0.311155
0 0.424658 0.424658 0.344423 0.344423
0 0.343444 0.343444 0.514677 0.514677
0 0.540117 0.540117 0.528376 0.528376
0 0.781800 0.780822 0.103718 0.101761
0 0.861057 0.860078 0.070450 0.072407
0 0.631115 0.631115 0.424658 0.424658
0 0.701566 0.700587 0.260274 0.258317
0 0.469667 0.469667 0.829746 0.829746
