0 0.271037 0.271037 0.393346 0.401174
0 0.063601 0.060665 0.060665 0.058708
0 0.429550 0.430528 0.675147 0.677104
0 0.228963 0.227984 0.305284 0.303327
0 0.386497 0.392368 0.013699 0.001957
0 0.311155 0.311155 0.129159 0.129159
0 0.623288 0.625245 0.025440 0.021526
0 0.787671 0.787671 0.318982 0.318982
0 0.318004 0.318004 0.600783 0.600783
0 0.573386 0.578278 0.136986 0.135029
0 0.759295 0.759295 0.203523 0.203523
0 0.446184 0.446184 0.395303 0.395303
0 0.472603 0.472603 0.405088 0.405088
0 0.590020 0.590998 0.373777 0.375734
0 0.526419 0.531311 0.747554 0.745597
0 0.625245 0.622309 0.561644 0.555773
0 0.557730 0.557730 0.645793 0.645793
