0 0.362035 0.362035 0.575342 0.575342
0 0.281800 0.280822 0.399217 0.397260
0 0.156556 0.156556 0.187867 0.187867
0 0.233855 0.232877 0.279843 0.277886
0 0.229941 0.229941 0.135029 0.135029
0 0.418787 0.418787 0.242661 0.242661
0 0.195695 0.195695 0.285714 0.285714
0 0.360078 0.359100 0.027397 0.025440
0 0.505871 0.504892 0.072407 0.074364
0 0.689824 0.689824 0.369863 0.369863
0 0.463796 0.461840 0.180039 0.164384
0 0.291585 0.290607 0.493151 0.495108
0 0.629159 0.628180 0.295499 0.297456
0 0.422701 0.421722 0.708415 0.706458
0 0.863992 0.863992 0.162427 0.162427
0 0.662427 0.662427 0.158513 0.158513
0 0.540117 0.540117 0.512720 0.512720
0 0.534247 0.533268 0.039139 0.037182
0 0.641879 0.640900 0.250489 0.248532
