0 0.509785 0.510763 0.131115 0.129159
0 0.631115 0.634051 0.240705 0.234834
0 0.241683 0.239726 0.107632 0.103718
0 0.599804 0.595890 0.068493 0.064579
0 0.838552 0.843444 0.127202 0.117417
0 0.605675 0.604697 0.632094 0.634051
0 0.152642 0.153620 0.270059 0.272016
0 0.908023 0.906067 0.015656 0.015656
0 0.362035 0.361057 0.375734 0.377691
0 0.299413 0.301370 0.090020 0.082192
0 0.721135 0.725049 0.244618 0.252446
0 0.476517 0.471624 0.295499 0.309198
0 0.363014 0.369863 0.209393 0.203523
0 0.314090 0.314090 0.545988 0.545988
0 0.502935 0.502935 0.477495 0.477495
0 0.641879 0.636986 0.387476 0.420744
0 0.582192 0.577299 0.506849 0.524462
0 0.503914 0.488258 0.667319 0.690802
