0 0.318004 0.317025 0.322896 0.320939
0 0.472603 0.472603 0.604697 0.604697
0 0.242661 0.241683 0.207436 0.205479
0 0.371820 0.371820 0.457926 0.457926
0 0.202544 0.202544 0.001957 0.001957
0 0.318004 0.318004 0.232877 0.232877
0 0.503914 0.503914 0.154599 0.154599
0 0.446184 0.446184 0.418787 0.418787
0 0.789628 0.788650 0.256360 0.254403
0 0.731898 0.730920 0.140900 0.142857
0 0.553816 0.552838 0.168297 0.166341
0 0.641879 0.641879 0.074364 0.074364
0 0.889432 0.889432 0.021526 0.021526
0 0.601761 0.601761 0.561644 0.561644
0 0.770059 0.769080 0.287671 0.285714
0 0.805284 0.805284 0.115460 0.115460
0 0.534247 0.534247 0.700587 0.700587
0 0.413894 0.413894 0.495108 0.495108
