0 0.490215 0.487280 0.604697 0.610568
0 0.390411 0.392368 0.377691 0.381605
0 0.548924 0.558708 0.729941 0.737769
0 0.195695 0.194716 0.007828 0.005871
0 0.418787 0.418787 0.430528 0.434442
0 0.142857 0.142857 0.125245 0.125245
0 0.367906 0.367906 0.125245 0.117417
0 0.424658 0.425636 0.035225 0.037182
0 0.538160 0.537182 0.227006 0.228963
0 0.312133 0.306262 0.225049 0.225049
0 0.465753 0.459883 0.324853 0.332681
0 0.401174 0.401174 0.473581 0.473581
0 0.785714 0.788650 0.272016 0.281800
0 0.347358 0.350294 0.636008 0.614481
0 0.628180 0.626223 0.003914 0.000000
0 0.706458 0.707436 0.078278 0.088063
0 0.526419 0.527397 0.673190 0.675147
0 0.786693 0.785714 0.195695 0.197652
0 0.877691 0.877691 0.041096 0.041096
0 0.774951 0.772994 0.281800 0.277886
0 0.595890 0.595890 0.530333 0.530333
