0 0.366928 0.366928 0.651663 0.651663
0 0.504892 0.504892 0.011742 0.011742
0 0.466732 0.466732 0.045010 0.045010
0 0.069472 0.075342 0.052838 0.064579
0 0.281800 0.282779 0.481409 0.483366
0 0.109589 0.109589 0.144814 0.144814
0 0.206458 0.206458 0.291585 0.295499
0 0.357143 0.357143 0.616438 0.616438
0 0.426614 0.426614 0.704501 0.712329
0 0.492172 0.506849 0.890411 0.904110
0 0.187867 0.185910 0.144814 0.144814
0 0.379648 0.379648 0.234834 0.234834
0 0.571429 0.571429 0.622309 0.622309
0 0.311155 0.312133 0.039139 0.048924
0 0.520548 0.520548 0.524462 0.524462
0 0.479452 0.479452 0.340509 0.340509
0 0.540117 0.540117 0.293542 0.293542
0 0.454012 0.454012 0.450098 0.450098
0 0.598826 0.598826 0.172211 0.172211
0 0.765166 0.765166 0.140900 0.140900
0 0.794521 0.794521 0.211350 0.211350
