0 0.453033 0.453033 0.651663 0.651663
0 0.537182 0.537182 0.048924 0.041096
0 0.874755 0.874755 0.183953 0.183953
0 0.496086 0.496086 0.236791 0.236791
0 0.103718 0.101761 0.109589 0.078278
0 0.221135 0.222114 0.344423 0.334638
0 0.329746 0.328767 0.303327 0.328767
0 0.149706 0.149706 0.009785 0.009785
0 0.775930 0.776908 0.037182 0.031311
0 0.553816 0.554795 0.434442 0.436399
0 0.586106 0.580235 0.103718 0.091977
0 0.616438 0.615460 0.422701 0.409002
0 0.722114 0.719178 0.187867 0.158513
0 0.194716 0.195695 0.017613 0.027397
0 0.735812 0.733855 0.293542 0.289628
0 0.399217 0.403131 0.043053 0.074364
0 0.461840 0.433464 0.814090 0.765166
0 0.598826 0.597847 0.500978 0.502935
0 0.620352 0.619374 0.211350 0.209393
0 0.535225 0.531311 0.749511 0.741683
0 0.569472 0.558708 0.571429 0.545988
0 0.454990 0.454012 0.589041 0.590998
0 0.647750 0.644814 0.140900 0.154599
0 0.428571 0.431507 0.328767 0.295499
0 0.429550 0.424658 0.475538 0.520548
0 0.486301 0.489237 0.252446 0.258317
0 0.331703 0.329746 0.072407 0.076321
0 0.294521 0.291585 0.217221 0.238748
0 0.317025 0.339530 0.442270 0.448141
