0 0.466732 0.464775 0.639922 0.671233
0 0.501957 0.500000 0.710372 0.710372
0 0.305284 0.317025 0.293542 0.317025
0 0.113503 0.113503 0.105675 0.105675
0 0.216243 0.216243 0.131115 0.131115
0 0.282779 0.280822 0.491194 0.479452
0 0.686888 0.680039 0.434442 0.448141
0 0.597847 0.595890 0.228963 0.228963
0 0.489237 0.490215 0.011742 0.017613
0 0.656556 0.650685 0.268102 0.279843
0 0.464775 0.463796 0.667319 0.669276
0 0.771037 0.771037 0.086106 0.086106
0 0.876712 0.866928 0.203523 0.195695
0 0.543053 0.543053 0.565558 0.553816
