0 0.106654 0.106654 0.041096 0.041096
0 0.482387 0.482387 0.788650 0.788650
0 0.189824 0.189824 0.168297 0.168297
0 0.337573 0.337573 0.452055 0.452055
0 0.407045 0.406067 0.598826 0.596869
0 0.266145 0.265166 0.301370 0.303327
0 0.272016 0.272016 0.207436 0.207436
0 0.491194 0.491194 0.289628 0.289628
0 0.587084 0.586106 0.504892 0.502935
0 0.324853 0.323875 0.023483 0.021526
0 0.412916 0.411937 0.129159 0.127202
0 0.387476 0.386497 0.367906 0.369863
0 0.600783 0.599804 0.035225 0.037182
0 0.431507 0.431507 0.283757 0.283757
0 0.765166 0.765166 0.297456 0.297456
0 0.543053 0.542074 0.084149 0.086106
0 0.707436 0.706458 0.119374 0.117417
0 0.652642 0.651663 0.315068 0.313112
0 0.605675 0.604697 0.444227 0.442270
0 0.530333 0.529354 0.618395 0.620352
0 0.749511 0.749511 0.172211 0.172211
0 0.839530 0.839530 0.003914 0.003914
0 0.455969 0.454990 0.739726 0.737769
