0 0.178082 0.177104 0.086106 0.084149
0 0.076321 0.076321 0.136986 0.136986
0 0.232877 0.232877 0.191781 0.191781
0 0.333659 0.333659 0.334638 0.334638
0 0.351272 0.351272 0.440313 0.440313
0 0.437378 0.436399 0.612524 0.610568
0 0.530333 0.529354 0.786693 0.784736
0 0.289628 0.289628 0.207436 0.207436
0 0.353229 0.352250 0.005871 0.007828
0 0.181018 0.181018 0.358121 0.358121
0 0.579256 0.578278 0.383562 0.385519
0 0.471624 0.471624 0.078278 0.078278
0 0.548924 0.548924 0.232877 0.232877
0 0.346380 0.346380 0.641879 0.641879
0 0.413894 0.413894 0.397260 0.397260
0 0.672211 0.672211 0.111546 0.111546
0 0.611546 0.611546 0.013699 0.013699
0 0.486301 0.486301 0.318982 0.318982
0 0.531311 0.530333 0.193738 0.195695
0 0.766145 0.765166 0.232877 0.230920
0 0.493151 0.492172 0.681018 0.682975
0 0.627202 0.626223 0.459883 0.457926
0 0.579256 0.579256 0.547945 0.547945
0 0.695695 0.695695 0.365949 0.365949
0 0.853229 0.852250 0.015656 0.013699
