0 0.343444 0.342466 0.632094 0.630137
0 0.144814 0.143836 0.215264 0.213307
0 0.143836 0.142857 0.166341 0.168297
0 0.475538 0.474560 0.477495 0.475538
0 0.273973 0.273973 0.093933 0.093933
0 0.206458 0.206458 0.045010 0.045010
0 0.335616 0.334638 0.197652 0.195695
0 0.437378 0.436399 0.315068 0.313112
0 0.534247 0.533268 0.590998 0.589041
0 0.509785 0.508806 0.131115 0.129159
0 0.244618 0.243640 0.473581 0.475538
0 0.337573 0.337573 0.303327 0.303327
0 0.450098 0.450098 0.003914 0.003914
0 0.651663 0.651663 0.273973 0.273973
0 0.683953 0.683953 0.017613 0.017613
0 0.372798 0.371820 0.659491 0.661448
0 0.443249 0.443249 0.471624 0.471624
0 0.594912 0.593933 0.270059 0.272016
0 0.626223 0.626223 0.105675 0.105675
0 0.817025 0.816047 0.205479 0.203523
0 0.888454 0.888454 0.078278 0.078278
0 0.744618 0.743640 0.330724 0.332681
0 0.636008 0.636986 0.594912 0.592955
0 0.484344 0.483366 0.859100 0.861057
