0 0.421722 0.423679 0.272016 0.272016
0 0.496086 0.497065 0.393346 0.395303
0 0.395303 0.394325 0.164384 0.166341
0 0.451076 0.451076 0.095890 0.095890
0 0.385519 0.385519 0.266145 0.254403
0 0.419765 0.417808 0.636008 0.624266
0 0.628180 0.623288 0.211350 0.217221
0 0.568493 0.567515 0.369863 0.363992
0 0.794521 0.794521 0.105675 0.105675
0 0.865949 0.865949 0.170254 0.170254
0 0.927593 0.926614 0.043053 0.041096
0 0.741683 0.741683 0.387476 0.387476
0 0.806262 0.806262 0.317025 0.317025
0 0.514677 0.514677 0.818004 0.818004
0 0.876712 0.879648 0.195695 0.213307
