0 0.420744 0.421722 0.567515 0.565558
0 0.320939 0.322896 0.301370 0.305284
0 0.648728 0.645793 0.017613 0.023483
0 0.239726 0.241683 0.221135 0.221135
0 0.393346 0.389432 0.375734 0.383562
0 0.239726 0.242661 0.260274 0.254403
0 0.406067 0.425636 0.001957 0.052838
0 0.348337 0.345401 0.164384 0.158513
0 0.589041 0.590020 0.324853 0.334638
0 0.489237 0.488258 0.164384 0.166341
0 0.641879 0.641879 0.426614 0.426614
0 0.699609 0.700587 0.487280 0.489237
0 0.425636 0.428571 0.463796 0.454012
0 0.380626 0.378669 0.522505 0.522505
0 0.547945 0.548924 0.219178 0.221135
0 0.609589 0.608611 0.080235 0.078278
0 0.782779 0.784736 0.297456 0.293542
0 0.763209 0.761252 0.093933 0.097847
0 0.678082 0.678082 0.440313 0.440313
0 0.492172 0.493151 0.819961 0.821918
0 0.776908 0.776908 0.344423 0.344423
0 0.560665 0.560665 0.690802 0.690802
0 0.836595 0.836595 0.135029 0.135029
