0 0.875734 0.873777 0.119374 0.115460
0 0.629159 0.621331 0.248532 0.232877
0 0.466732 0.471624 0.772994 0.759295
0 0.358121 0.360078 0.113503 0.117417
0 0.590020 0.573386 0.471624 0.504892
0 0.453033 0.450098 0.326810 0.332681
0 0.493151 0.492172 0.735812 0.729941
0 0.796477 0.800391 0.117417 0.121331
0 0.484344 0.489237 0.127202 0.105675
0 0.700587 0.700587 0.180039 0.183953
0 0.500978 0.500978 0.598826 0.598826
0 0.456947 0.450098 0.248532 0.227006
0 0.642857 0.644814 0.409002 0.409002
0 0.574364 0.576321 0.041096 0.060665
0 0.379648 0.378669 0.426614 0.424658
0 0.247554 0.245597 0.107632 0.103718
0 0.290607 0.292564 0.005871 0.009785
0 0.672211 0.672211 0.287671 0.299413
0 0.329746 0.330724 0.444227 0.434442
