0 0.181996 0.181018 0.238748 0.240705
0 0.401174 0.399217 0.641879 0.645793
0 0.290607 0.290607 0.389432 0.401174
0 0.496086 0.494129 0.812133 0.823875
0 0.124266 0.124266 0.119374 0.119374
0 0.322896 0.322896 0.109589 0.109589
0 0.558708 0.560665 0.377691 0.373777
0 0.663405 0.662427 0.403131 0.401174
0 0.253425 0.255382 0.283757 0.287671
0 0.475538 0.477495 0.007828 0.023483
0 0.417808 0.417808 0.549902 0.549902
0 0.574364 0.574364 0.252446 0.252446
0 0.694716 0.694716 0.019569 0.019569
0 0.549902 0.549902 0.450098 0.450098
