0 0.385519 0.387476 0.246575 0.242661
0 0.273973 0.281800 0.125245 0.156556
0 0.771037 0.771037 0.023483 0.023483
0 0.137965 0.138943 0.170254 0.172211
0 0.657534 0.662427 0.156556 0.138943
0 0.400196 0.399217 0.409002 0.410959
0 0.562622 0.563601 0.193738 0.203523
0 0.554795 0.549902 0.013699 0.019569
0 0.535225 0.533268 0.569472 0.565558
0 0.475538 0.475538 0.712329 0.712329
0 0.412916 0.409980 0.720157 0.726027
0 0.490215 0.492172 0.655577 0.663405
0 0.644814 0.640900 0.397260 0.409002
0 0.494129 0.496086 0.557730 0.569472
0 0.832681 0.838552 0.217221 0.205479
0 0.496086 0.492172 0.643836 0.643836
