0 0.571429 0.568493 0.598826 0.604697
0 0.383562 0.378669 0.641879 0.628180
0 0.266145 0.267123 0.426614 0.436399
0 0.435421 0.436399 0.776908 0.774951
0 0.126223 0.115460 0.052838 0.082192
0 0.447162 0.443249 0.185910 0.197652
0 0.215264 0.216243 0.297456 0.295499
0 0.612524 0.613503 0.567515 0.565558
0 0.519569 0.521526 0.334638 0.346380
0 0.391389 0.385519 0.023483 0.058708
0 0.656556 0.665362 0.142857 0.152642
0 0.397260 0.397260 0.418787 0.407045
0 0.623288 0.617417 0.029354 0.013699
0 0.464775 0.464775 0.851272 0.851272
0 0.838552 0.842466 0.111546 0.107632
0 0.759295 0.759295 0.277886 0.277886
0 0.702544 0.705479 0.367906 0.354207
