0 0.096869 0.096869 0.115460 0.115460
0 0.187867 0.186888 0.301370 0.303327
0 0.293542 0.292564 0.399217 0.397260
0 0.363014 0.363014 0.581213 0.581213
0 0.439335 0.439335 0.698630 0.698630
0 0.381605 0.381605 0.191781 0.191781
0 0.230920 0.229941 0.129159 0.127202
0 0.339530 0.339530 0.009785 0.009785
0 0.560665 0.560665 0.397260 0.397260
0 0.193738 0.193738 0.270059 0.270059
0 0.637965 0.637965 0.602740 0.602740
0 0.446184 0.445205 0.219178 0.221135
0 0.382583 0.382583 0.416830 0.416830
0 0.574364 0.573386 0.009785 0.011742
0 0.531311 0.531311 0.068493 0.068493
0 0.660470 0.659491 0.174168 0.176125
0 0.775930 0.775930 0.338552 0.338552
0 0.792564 0.782779 0.176125 0.164384
0 0.554795 0.556751 0.577299 0.573386
0 0.627202 0.627202 0.448141 0.448141
0 0.754403 0.753425 0.181996 0.180039
