0 0.324853 0.324853 0.399217 0.399217
0 0.104697 0.104697 0.068493 0.068493
0 0.247554 0.246575 0.225049 0.227006
0 0.155577 0.155577 0.080235 0.080235
0 0.468689 0.468689 0.679061 0.679061
0 0.394325 0.393346 0.545988 0.547945
0 0.235812 0.234834 0.221135 0.223092
0 0.321918 0.321918 0.064579 0.064579
0 0.424658 0.424658 0.086106 0.086106
0 0.469667 0.468689 0.148728 0.146771
0 0.614481 0.613503 0.454012 0.455969
0 0.546967 0.545988 0.326810 0.328767
0 0.533268 0.533268 0.236791 0.236791
0 0.610568 0.610568 0.046967 0.046967
0 0.661448 0.660470 0.109589 0.111546
0 0.711350 0.710372 0.248532 0.250489
0 0.610568 0.609589 0.489237 0.491194
0 0.449119 0.448141 0.855186 0.857143
0 0.503914 0.502935 0.690802 0.688845
0 0.712329 0.711350 0.340509 0.342466
0 0.780822 0.779843 0.152642 0.150685
0 0.876712 0.876712 0.082192 0.082192
0 0.746575 0.746575 0.291585 0.291585
