0 0.131115 0.131115 0.007828 0.007828
0 0.509785 0.509785 0.663405 0.663405
0 0.266145 0.266145 0.277886 0.277886
0 0.223092 0.222114 0.109589 0.111546
0 0.433464 0.432485 0.534247 0.532290
0 0.101761 0.101761 0.195695 0.195695
0 0.358121 0.359100 0.430528 0.432485
0 0.414873 0.413894 0.003914 0.005871
0 0.539139 0.539139 0.291585 0.291585
0 0.373777 0.373777 0.156556 0.156556
0 0.288650 0.287671 0.228963 0.230920
0 0.675147 0.675147 0.007828 0.007828
0 0.791585 0.790607 0.295499 0.297456
0 0.341487 0.341487 0.589041 0.589041
0 0.394325 0.394325 0.444227 0.444227
0 0.569472 0.568493 0.129159 0.131115
0 0.470646 0.469667 0.315068 0.317025
0 0.647750 0.646771 0.500978 0.502935
0 0.523483 0.523483 0.784736 0.784736
0 0.759295 0.759295 0.317025 0.317025
0 0.547945 0.546967 0.657534 0.655577
0 0.271037 0.271037 0.369863 0.369863
