0 0.478474 0.478474 0.647750 0.647750
0 0.250489 0.250489 0.199609 0.199609
0 0.348337 0.348337 0.309198 0.309198
0 0.404110 0.403131 0.459883 0.461840
0 0.542074 0.541096 0.755382 0.753425
0 0.152642 0.152642 0.070450 0.070450
0 0.279843 0.278865 0.234834 0.232877
0 0.344423 0.344423 0.125245 0.125245
0 0.418787 0.418787 0.019569 0.019569
0 0.688845 0.688845 0.469667 0.469667
0 0.593933 0.592955 0.338552 0.336595
0 0.569472 0.572407 0.230920 0.217221
0 0.691781 0.691781 0.025440 0.025440
0 0.479452 0.479452 0.336595 0.336595
0 0.772016 0.772016 0.217221 0.217221
0 0.803327 0.802348 0.185910 0.183953
0 0.667319 0.667319 0.450098 0.450098
0 0.586106 0.586106 0.628180 0.628180
0 0.506849 0.506849 0.845401 0.845401
0 0.882583 0.881605 0.078278 0.076321
0 0.652642 0.651663 0.076321 0.078278
