0 0.261252 0.260274 0.052838 0.054795
0 0.560665 0.560665 0.667319 0.667319
0 0.347358 0.347358 0.197652 0.197652
0 0.419765 0.419765 0.358121 0.358121
0 0.224070 0.224070 0.072407 0.072407
0 0.176125 0.176125 0.176125 0.176125
0 0.495108 0.494129 0.567515 0.565558
0 0.454012 0.453033 0.418787 0.416830
0 0.465753 0.465753 0.000000 0.000000
0 0.310176 0.308219 0.346380 0.330724
0 0.417808 0.417808 0.146771 0.111546
0 0.688845 0.687867 0.407045 0.405088
0 0.531311 0.531311 0.146771 0.146771
0 0.354207 0.354207 0.238748 0.238748
0 0.537182 0.537182 0.291585 0.291585
0 0.437378 0.439335 0.549902 0.542074
0 0.754403 0.753425 0.095890 0.097847
0 0.697652 0.697652 0.025440 0.025440
0 0.493151 0.492172 0.500978 0.502935
0 0.481409 0.491194 0.841487 0.829746
0 0.873777 0.873777 0.088063 0.088063
0 0.637965 0.637965 0.563601 0.540117
0 0.568493 0.571429 0.733855 0.696673
0 0.796477 0.795499 0.242661 0.240705
0 0.748532 0.748532 0.338552 0.338552
0 0.687867 0.695695 0.459883 0.424658
0 0.686888 0.685910 0.027397 0.029354
