0 0.497065 0.496086 0.939335 0.937378
0 0.223092 0.222114 0.383562 0.381605
0 0.065558 0.066536 0.072407 0.074364
0 0.115460 0.115460 0.199609 0.199609
0 0.183953 0.183953 0.281800 0.281800
0 0.430528 0.430528 0.774951 0.774951
0 0.358121 0.357143 0.681018 0.679061
0 0.279843 0.278865 0.489237 0.487280
0 0.407045 0.406067 0.297456 0.295499
0 0.510763 0.510763 0.540117 0.540117
0 0.259295 0.259295 0.045010 0.045010
0 0.177104 0.177104 0.158513 0.158513
0 0.465753 0.465753 0.426614 0.426614
0 0.685910 0.685910 0.416830 0.416830
0 0.379648 0.379648 0.199609 0.199609
0 0.606654 0.605675 0.254403 0.256360
0 0.428571 0.427593 0.054795 0.052838
0 0.558708 0.558708 0.131115 0.131115
0 0.266145 0.265166 0.481409 0.483366
0 0.326810 0.326810 0.371820 0.371820
0 0.402153 0.401174 0.616438 0.618395
0 0.744618 0.744618 0.052838 0.052838
0 0.625245 0.624266 0.213307 0.215264
0 0.575342 0.575342 0.301370 0.301370
0 0.502935 0.502935 0.454012 0.454012
0 0.692759 0.692759 0.000000 0.000000
0 0.846380 0.845401 0.240705 0.238748
0 0.613503 0.612524 0.651663 0.649706
0 0.912916 0.912916 0.037182 0.037182
0 0.699609 0.699609 0.506849 0.506849
0 0.772016 0.772016 0.346380 0.346380
0 0.576321 0.576321 0.776908 0.776908
0 0.528376 0.528376 0.880626 0.880626
0 0.847358 0.846380 0.136986 0.138943
0 0.806262 0.805284 0.285714 0.287671
