0 0.147750 0.147750 0.021526 0.021526
0 0.445205 0.444227 0.608611 0.606654
0 0.496086 0.497065 0.757339 0.759295
0 0.236791 0.236791 0.113503 0.113503
0 0.375734 0.375734 0.465753 0.465753
0 0.285714 0.285714 0.136986 0.136986
0 0.573386 0.572407 0.332681 0.330724
0 0.240705 0.239726 0.340509 0.338552
0 0.446184 0.446184 0.129159 0.129159
0 0.397260 0.396282 0.074364 0.076321
0 0.617417 0.617417 0.487280 0.487280
0 0.688845 0.688845 0.090020 0.090020
0 0.626223 0.625245 0.062622 0.060665
0 0.760274 0.760274 0.154599 0.154599
0 0.646771 0.645793 0.467710 0.465753
0 0.884540 0.884540 0.007828 0.007828
0 0.785714 0.785714 0.189824 0.189824
0 0.576321 0.575342 0.561644 0.563601
0 0.499022 0.498043 0.751468 0.753425
0 0.826810 0.826810 0.068493 0.068493
0 0.082192 0.082192 0.152642 0.152642
0 0.516634 0.516634 0.176125 0.176125
