0 0.431507 0.429550 0.174168 0.170254
0 0.310176 0.310176 0.444227 0.440313
0 0.647750 0.646771 0.230920 0.232877
0 0.491194 0.490215 0.097847 0.091977
0 0.654599 0.654599 0.103718 0.103718
0 0.338552 0.337573 0.258317 0.256360
0 0.756360 0.755382 0.013699 0.011742
0 0.466732 0.465753 0.894325 0.892368
0 0.698630 0.700587 0.121331 0.109589
0 0.482387 0.487280 0.350294 0.387476
0 0.826810 0.826810 0.119374 0.119374
0 0.593933 0.592955 0.260274 0.254403
0 0.758317 0.758317 0.275930 0.275930
0 0.168297 0.167319 0.136986 0.138943
0 0.569472 0.568493 0.618395 0.620352
0 0.322896 0.324853 0.379648 0.383562
0 0.406067 0.405088 0.538160 0.536204
0 0.314090 0.312133 0.088063 0.076321
0 0.271037 0.270059 0.225049 0.227006
0 0.413894 0.412916 0.178082 0.183953
0 0.405088 0.405088 0.708415 0.708415
0 0.571429 0.577299 0.485323 0.500978
0 0.434442 0.433464 0.547945 0.549902
0 0.746575 0.744618 0.495108 0.479452
0 0.532290 0.532290 0.755382 0.755382
0 0.510763 0.512720 0.019569 0.023483
0 0.615460 0.615460 0.166341 0.166341
0 0.140900 0.143836 0.003914 0.001957
0 0.374755 0.373777 0.483366 0.485323
0 0.239726 0.240705 0.174168 0.176125
0 0.473581 0.472603 0.430528 0.428571
0 0.595890 0.597847 0.499022 0.514677
0 0.374755 0.373777 0.017613 0.019569
0 0.237769 0.236791 0.107632 0.090020
0 0.462818 0.467710 0.726027 0.735812
0 0.808219 0.807241 0.234834 0.232877
0 0.144814 0.145793 0.070450 0.080235
0 0.673190 0.675147 0.653620 0.645793
0 0.951076 0.945205 0.023483 0.031311
0 0.760274 0.756360 0.291585 0.350294
0 0.573386 0.560665 0.853229 0.851272
