0 0.458904 0.459883 0.741683 0.739726
0 0.359100 0.372798 0.526419 0.549902
0 0.225049 0.231898 0.234834 0.260274
0 0.178082 0.180039 0.046967 0.043053
0 0.576321 0.572407 0.401174 0.393346
0 0.386497 0.387476 0.060665 0.058708
0 0.246575 0.247554 0.242661 0.244618
0 0.308219 0.309198 0.088063 0.090020
0 0.644814 0.646771 0.632094 0.636008
0 0.490215 0.489237 0.240705 0.246575
0 0.549902 0.550881 0.164384 0.166341
0 0.742661 0.742661 0.111546 0.123288
0 0.637965 0.636008 0.046967 0.050881
0 0.418787 0.409980 0.540117 0.522505
0 0.859100 0.860078 0.097847 0.099804
0 0.954012 0.955969 0.029354 0.052838
0 0.552838 0.550881 0.796477 0.788650
0 0.623288 0.620352 0.569472 0.563601
0 0.712329 0.703523 0.465753 0.444227
0 0.404110 0.409002 0.405088 0.407045
0 0.357143 0.359100 0.463796 0.459883
