0 0.543053 0.538160 0.526419 0.536204
0 0.687867 0.688845 0.397260 0.399217
0 0.463796 0.464775 0.594912 0.604697
0 0.246575 0.254403 0.340509 0.356164
0 0.340509 0.339530 0.340509 0.338552
0 0.545988 0.545988 0.829746 0.821918
0 0.526419 0.529354 0.109589 0.068493
0 0.269080 0.275930 0.017613 0.003914
0 0.101761 0.106654 0.000000 0.001957
0 0.878669 0.877691 0.156556 0.154599
0 0.640900 0.639922 0.561644 0.563601
0 0.772016 0.767123 0.115460 0.117417
0 0.743640 0.745597 0.117417 0.113503
0 0.409980 0.400196 0.185910 0.185910
0 0.826810 0.825832 0.260274 0.258317
0 0.525440 0.522505 0.487280 0.481409
0 0.666341 0.661448 0.146771 0.144814
0 0.347358 0.352250 0.448141 0.457926
0 0.438356 0.438356 0.528376 0.536204
0 0.572407 0.572407 0.373777 0.373777
0 0.401174 0.402153 0.023483 0.017613
0 0.459883 0.456947 0.571429 0.577299
0 0.708415 0.707436 0.273973 0.272016
0 0.588063 0.586106 0.162427 0.174168
0 0.197652 0.197652 0.195695 0.195695
0 0.234834 0.226027 0.223092 0.225049
0 0.207436 0.214286 0.215264 0.201566
0 0.348337 0.344423 0.489237 0.469667
0 0.767123 0.765166 0.320939 0.317025
0 0.478474 0.477495 0.299413 0.301370
0 0.846380 0.846380 0.127202 0.131115
0 0.637965 0.638943 0.606654 0.600783
0 0.463796 0.462818 0.637965 0.639922
0 0.500000 0.500978 0.921722 0.896282
0 0.483366 0.477495 0.289628 0.301370
0 0.600783 0.601761 0.035225 0.056751
0 0.449119 0.449119 0.166341 0.166341
0 0.338552 0.318982 0.524462 0.536204
