0 0.644814 0.643836 0.272016 0.270059
0 0.511742 0.512720 0.412916 0.410959
0 0.458904 0.456947 0.522505 0.518591
0 0.521526 0.519569 0.052838 0.048924
0 0.399217 0.398239 0.387476 0.389432
0 0.250489 0.251468 0.191781 0.189824
0 0.394325 0.394325 0.088063 0.088063
0 0.160470 0.158513 0.086106 0.090020
0 0.350294 0.357143 0.410959 0.416830
0 0.246575 0.245597 0.270059 0.268102
0 0.432485 0.432485 0.594912 0.594912
0 0.824853 0.826810 0.029354 0.037182
0 0.761252 0.761252 0.066536 0.066536
0 0.700587 0.696673 0.293542 0.285714
0 0.642857 0.643836 0.080235 0.082192
0 0.565558 0.565558 0.485323 0.485323
0 0.496086 0.495108 0.792564 0.794521
