0 0.777886 0.784736 0.084149 0.086106
0 0.318982 0.301370 0.320939 0.285714
0 0.610568 0.610568 0.340509 0.328767
0 0.418787 0.416830 0.438356 0.438356
0 0.614481 0.615460 0.403131 0.385519
0 0.501957 0.497065 0.663405 0.657534
0 0.682975 0.677104 0.395303 0.399217
0 0.680039 0.684932 0.138943 0.140900
0 0.552838 0.554795 0.506849 0.502935
0 0.549902 0.546967 0.681018 0.698630
0 0.418787 0.427593 0.191781 0.170254
0 0.188845 0.188845 0.013699 0.009785
0 0.456947 0.458904 0.033268 0.045010
0 0.338552 0.340509 0.332681 0.305284
0 0.862035 0.860078 0.174168 0.174168
0 0.529354 0.525440 0.189824 0.181996
0 0.448141 0.445205 0.818004 0.819961
0 0.483366 0.479452 0.559687 0.567515
0 0.266145 0.265166 0.199609 0.205479
