0 0.286693 0.286693 0.318982 0.318982
0 0.453033 0.449119 0.561644 0.577299
0 0.224070 0.224070 0.119374 0.119374
0 0.358121 0.358121 0.403131 0.403131
0 0.536204 0.535225 0.692759 0.694716
0 0.644814 0.644814 0.459883 0.459883
0 0.284736 0.284736 0.291585 0.291585
0 0.446184 0.445205 0.027397 0.029354
0 0.393346 0.393346 0.133072 0.133072
0 0.521526 0.521526 0.205479 0.205479
0 0.446184 0.446184 0.348337 0.348337
0 0.373777 0.372798 0.512720 0.510763
0 0.802348 0.801370 0.285714 0.283757
0 0.605675 0.605675 0.041096 0.041096
0 0.731898 0.731898 0.250489 0.250489
0 0.508806 0.508806 0.747554 0.747554
0 0.591977 0.591977 0.589041 0.589041
0 0.894325 0.894325 0.046967 0.046967
