0 0.260274 0.264188 0.309198 0.301370
0 0.087084 0.089041 0.146771 0.150685
0 0.146771 0.148728 0.015656 0.007828
0 0.525440 0.532290 0.561644 0.559687
0 0.409002 0.406067 0.485323 0.502935
0 0.508806 0.515656 0.317025 0.326810
0 0.236791 0.237769 0.219178 0.225049
0 0.356164 0.356164 0.070450 0.070450
0 0.404110 0.422701 0.589041 0.614481
0 0.448141 0.449119 0.227006 0.225049
0 0.597847 0.598826 0.033268 0.027397
0 0.456947 0.457926 0.232877 0.234834
0 0.549902 0.545010 0.121331 0.115460
0 0.400196 0.398239 0.315068 0.318982
0 0.323875 0.347358 0.487280 0.475538
0 0.674168 0.675147 0.248532 0.246575
0 0.775930 0.775930 0.029354 0.029354
0 0.713307 0.715264 0.123288 0.127202
0 0.559687 0.560665 0.512720 0.510763
0 0.485323 0.474560 0.700587 0.675147
