0 0.702544 0.702544 0.129159 0.133072
0 0.293542 0.287671 0.219178 0.227006
0 0.130137 0.130137 0.033268 0.033268
0 0.861057 0.861057 0.144814 0.148728
0 0.374755 0.373777 0.616438 0.618395
0 0.125245 0.127202 0.003914 0.000000
0 0.331703 0.327789 0.338552 0.350294
0 0.441292 0.441292 0.592955 0.592955
0 0.379648 0.375734 0.457926 0.473581
0 0.527397 0.528376 0.761252 0.767123
0 0.423679 0.424658 0.667319 0.665362
0 0.515656 0.511742 0.467710 0.455969
0 0.571429 0.569472 0.328767 0.324853
0 0.669276 0.673190 0.176125 0.136986
