0 0.348337 0.348337 0.418787 0.418787
0 0.476517 0.476517 0.632094 0.632094
0 0.061644 0.061644 0.111546 0.111546
0 0.264188 0.263209 0.207436 0.205479
0 0.336595 0.334638 0.113503 0.113503
0 0.547945 0.547945 0.305284 0.305284
0 0.454990 0.454012 0.111546 0.109589
0 0.394325 0.393346 0.025440 0.027397
0 0.225049 0.222114 0.332681 0.326810
0 0.651663 0.651663 0.555773 0.555773
0 0.535225 0.535225 0.154599 0.154599
0 0.422701 0.422701 0.454012 0.454012
0 0.785714 0.785714 0.268102 0.268102
0 0.669276 0.669276 0.105675 0.105675
0 0.481409 0.480431 0.324853 0.322896
0 0.811155 0.811155 0.088063 0.088063
0 0.516634 0.516634 0.684932 0.684932
0 0.599804 0.598826 0.518591 0.516634
0 0.654599 0.654599 0.412916 0.412916
0 0.711350 0.710372 0.264188 0.266145
