0 0.410959 0.413894 0.630137 0.639922
0 0.537182 0.537182 0.346380 0.346380
0 0.713307 0.714286 0.080235 0.074364
0 0.479452 0.480431 0.363992 0.365949
0 0.485323 0.482387 0.774951 0.769080
0 0.246575 0.247554 0.313112 0.334638
0 0.655577 0.654599 0.622309 0.608611
0 0.618395 0.622309 0.485323 0.477495
0 0.647750 0.643836 0.105675 0.097847
0 0.581213 0.584149 0.195695 0.197652
0 0.515656 0.513699 0.197652 0.201566
0 0.762231 0.758317 0.217221 0.225049
0 0.600783 0.603718 0.708415 0.702544
0 0.403131 0.403131 0.469667 0.469667
0 0.408023 0.407045 0.056751 0.054795
0 0.751468 0.746575 0.313112 0.303327
0 0.875734 0.873777 0.123288 0.127202
0 0.289628 0.285714 0.168297 0.164384
0 0.195695 0.191781 0.234834 0.223092
0 0.138943 0.126223 0.007828 0.041096
0 0.735812 0.737769 0.454012 0.457926
0 0.325832 0.332681 0.557730 0.540117
