0 0.374755 0.371820 0.565558 0.571429
0 0.151663 0.154599 0.084149 0.093933
0 0.106654 0.104697 0.025440 0.025440
0 0.273973 0.274951 0.328767 0.326810
0 0.335616 0.334638 0.467710 0.469667
0 0.508806 0.510763 0.845401 0.841487
0 0.489237 0.487280 0.641879 0.645793
0 0.404110 0.404110 0.107632 0.107632
0 0.218200 0.219178 0.272016 0.273973
0 0.502935 0.502935 0.203523 0.203523
0 0.286693 0.286693 0.142857 0.142857
0 0.562622 0.562622 0.412916 0.412916
0 0.661448 0.657534 0.093933 0.097847
0 0.627202 0.616438 0.021526 0.003914
0 0.733855 0.736791 0.270059 0.272016
0 0.358121 0.371820 0.489237 0.461840
0 0.620352 0.628180 0.485323 0.469667
0 0.571429 0.574364 0.673190 0.671233
0 0.780822 0.780822 0.203523 0.203523
0 0.911937 0.911937 0.093933 0.093933
0 0.692759 0.691781 0.297456 0.299413
0 0.509785 0.514677 0.690802 0.696673
0 0.851272 0.850294 0.097847 0.095890
