0 0.223092 0.222114 0.270059 0.268102
0 0.393346 0.393346 0.641879 0.641879
0 0.314090 0.314090 0.455969 0.455969
0 0.169276 0.169276 0.174168 0.174168
0 0.474560 0.474560 0.741683 0.741683
0 0.523483 0.522505 0.863014 0.864971
0 0.080235 0.079256 0.058708 0.056751
0 0.354207 0.354207 0.477495 0.477495
0 0.175147 0.174168 0.248532 0.250489
0 0.548924 0.547945 0.467710 0.469667
0 0.601761 0.601761 0.581213 0.581213
0 0.481409 0.481409 0.320939 0.320939
0 0.398239 0.398239 0.166341 0.166341
0 0.379648 0.378669 0.097847 0.095890
0 0.399217 0.399217 0.230920 0.230920
0 0.326810 0.325832 0.371820 0.369863
0 0.284736 0.283757 0.483366 0.485323
0 0.501957 0.500978 0.048924 0.046967
0 0.672211 0.672211 0.338552 0.338552
0 0.612524 0.612524 0.125245 0.125245
0 0.442270 0.441292 0.172211 0.170254
0 0.807241 0.807241 0.142857 0.142857
0 0.677104 0.677104 0.140900 0.140900
0 0.755382 0.755382 0.054795 0.054795
0 0.619374 0.618395 0.315068 0.313112
