0 0.123288 0.120352 0.133072 0.138943
0 0.293542 0.293542 0.508806 0.508806
0 0.484344 0.482387 0.882583 0.886497
0 0.272994 0.272016 0.455969 0.454012
0 0.443249 0.443249 0.796477 0.796477
0 0.227006 0.227006 0.371820 0.371820
0 0.413894 0.412916 0.769080 0.771037
0 0.194716 0.194716 0.279843 0.279843
0 0.345401 0.345401 0.612524 0.612524
0 0.375734 0.375734 0.700587 0.700587
0 0.347358 0.346380 0.514677 0.516634
0 0.367906 0.367906 0.403131 0.403131
0 0.447162 0.446184 0.530333 0.532290
0 0.475538 0.475538 0.634051 0.634051
0 0.520548 0.520548 0.661448 0.661448
0 0.287671 0.286693 0.262231 0.260274
0 0.254403 0.254403 0.129159 0.129159
0 0.118395 0.117417 0.142857 0.140900
0 0.450098 0.450098 0.313112 0.313112
0 0.560665 0.560665 0.545988 0.545988
0 0.372798 0.372798 0.115460 0.115460
0 0.208415 0.203523 0.174168 0.172211
0 0.542074 0.542074 0.387476 0.387476
0 0.256360 0.255382 0.090020 0.088063
0 0.319961 0.319961 0.041096 0.041096
0 0.287671 0.287671 0.050881 0.050881
0 0.344423 0.344423 0.238748 0.238748
0 0.609589 0.609589 0.377691 0.377691
0 0.283757 0.283757 0.285714 0.285714
0 0.430528 0.430528 0.031311 0.031311
0 0.393346 0.393346 0.082192 0.082192
0 0.245597 0.245597 0.377691 0.377691
0 0.521526 0.521526 0.025440 0.025440
0 0.638943 0.638943 0.170254 0.170254
0 0.284736 0.284736 0.561644 0.561644
0 0.402153 0.402153 0.409002 0.409002
0 0.501957 0.501957 0.123288 0.123288
0 0.597847 0.597847 0.076321 0.076321
0 0.487280 0.487280 0.219178 0.219178
0 0.717221 0.717221 0.311155 0.311155
0 0.435421 0.435421 0.264188 0.264188
0 0.646771 0.646771 0.142857 0.142857
0 0.434442 0.434442 0.571429 0.571429
0 0.616438 0.616438 0.172211 0.172211
0 0.768102 0.766145 0.123288 0.127202
0 0.790607 0.790607 0.207436 0.207436
0 0.488258 0.488258 0.479452 0.479452
0 0.556751 0.556751 0.283757 0.283757
0 0.717221 0.717221 0.009785 0.009785
0 0.707436 0.706458 0.193738 0.191781
0 0.661448 0.659491 0.367906 0.363992
0 0.807241 0.807241 0.072407 0.072407
0 0.847358 0.847358 0.003914 0.003914
0 0.874755 0.874755 0.062622 0.062622
0 0.547945 0.547945 0.547945 0.547945
0 0.335616 0.335616 0.260274 0.260274
0 0.398239 0.398239 0.174168 0.174168
0 0.492172 0.491194 0.350294 0.348337
0 0.663405 0.663405 0.399217 0.399217
0 0.590998 0.590998 0.277886 0.277886
0 0.485323 0.485323 0.011742 0.011742
0 0.523483 0.523483 0.142857 0.142857
0 0.508806 0.508806 0.430528 0.430528
0 0.777886 0.777886 0.138943 0.138943
0 0.785714 0.784736 0.045010 0.043053
0 0.702544 0.701566 0.293542 0.295499
0 0.636008 0.636008 0.442270 0.442270
0 0.583170 0.583170 0.242661 0.242661
0 0.590998 0.590998 0.500978 0.500978
0 0.319961 0.319961 0.522505 0.522505
0 0.356164 0.355186 0.485323 0.487280
