0 0.500000 0.499022 0.628180 0.630137
0 0.263209 0.262231 0.146771 0.148728
0 0.318982 0.318004 0.270059 0.272016
0 0.181996 0.181018 0.082192 0.084149
0 0.366928 0.366928 0.436399 0.436399
0 0.562622 0.561644 0.197652 0.199609
0 0.422701 0.422701 0.074364 0.074364
0 0.470646 0.469667 0.146771 0.148728
0 0.254403 0.255382 0.301370 0.299413
0 0.477495 0.477495 0.379648 0.379648
0 0.756360 0.756360 0.221135 0.221135
0 0.618395 0.615460 0.148728 0.142857
0 0.652642 0.651663 0.041096 0.043053
0 0.348337 0.347358 0.563601 0.561644
0 0.530333 0.530333 0.270059 0.270059
0 0.526419 0.527397 0.763209 0.761252
0 0.876712 0.875734 0.039139 0.037182
0 0.804305 0.805284 0.140900 0.138943
0 0.474560 0.474560 0.906067 0.906067
0 0.663405 0.662427 0.457926 0.455969
0 0.230920 0.230920 0.422701 0.422701
