0 0.179061 0.178082 0.076321 0.078278
0 0.077299 0.076321 0.146771 0.144814
0 0.229941 0.229941 0.189824 0.189824
0 0.330724 0.329746 0.332681 0.334638
0 0.352250 0.351272 0.430528 0.432485
0 0.438356 0.437378 0.602740 0.604697
0 0.290607 0.289628 0.217221 0.215264
0 0.356164 0.355186 0.007828 0.005871
0 0.574364 0.575342 0.385519 0.387476
0 0.471624 0.471624 0.070450 0.070450
0 0.549902 0.548924 0.223092 0.225049
0 0.347358 0.346380 0.651663 0.649706
0 0.416830 0.415851 0.410959 0.409002
0 0.673190 0.672211 0.101761 0.103718
0 0.611546 0.611546 0.021526 0.021526
0 0.487280 0.486301 0.328767 0.326810
0 0.532290 0.531311 0.203523 0.201566
0 0.766145 0.766145 0.225049 0.225049
0 0.493151 0.493151 0.688845 0.688845
0 0.630137 0.629159 0.473581 0.471624
0 0.580235 0.579256 0.557730 0.555773
0 0.696673 0.695695 0.375734 0.373777
0 0.854207 0.854207 0.025440 0.025440
