0 0.454012 0.454012 0.841487 0.841487
0 0.262231 0.262231 0.485323 0.485323
0 0.238748 0.238748 0.426614 0.426614
0 0.378669 0.378669 0.686888 0.686888
0 0.495108 0.495108 0.657534 0.657534
0 0.375734 0.374755 0.383562 0.381605
0 0.145793 0.145793 0.056751 0.056751
0 0.116438 0.116438 0.111546 0.111546
0 0.533268 0.533268 0.757339 0.757339
0 0.181018 0.181018 0.072407 0.072407
0 0.301370 0.301370 0.238748 0.238748
0 0.281800 0.279843 0.007828 0.015656
0 0.343444 0.344423 0.111546 0.113503
0 0.411937 0.411937 0.158513 0.158513
0 0.440313 0.439335 0.246575 0.248532
0 0.465753 0.465753 0.313112 0.313112
0 0.265166 0.265166 0.103718 0.103718
0 0.501957 0.501957 0.440313 0.440313
0 0.588063 0.587084 0.565558 0.563601
0 0.559687 0.559687 0.489237 0.489237
0 0.398239 0.398239 0.005871 0.005871
0 0.357143 0.357143 0.185910 0.185910
0 0.599804 0.598826 0.256360 0.258317
0 0.489237 0.489237 0.082192 0.082192
0 0.255382 0.255382 0.326810 0.326810
0 0.315068 0.315068 0.223092 0.223092
0 0.444227 0.444227 0.019569 0.019569
0 0.549902 0.548924 0.223092 0.221135
0 0.588063 0.588063 0.029354 0.029354
0 0.545010 0.545010 0.033268 0.033268
0 0.324853 0.323875 0.446184 0.444227
0 0.658513 0.658513 0.201566 0.201566
0 0.618395 0.617417 0.086106 0.088063
0 0.775930 0.775930 0.099804 0.099804
0 0.435421 0.435421 0.502935 0.502935
0 0.805284 0.805284 0.174168 0.174168
0 0.647750 0.647750 0.046967 0.046967
0 0.580235 0.580235 0.252446 0.252446
0 0.478474 0.478474 0.444227 0.444227
0 0.714286 0.714286 0.015656 0.015656
0 0.687867 0.687867 0.362035 0.362035
0 0.557730 0.557730 0.520548 0.520548
0 0.638943 0.638943 0.373777 0.373777
0 0.452055 0.451076 0.739726 0.737769
0 0.528376 0.527397 0.598826 0.596869
0 0.840509 0.840509 0.033268 0.033268
0 0.498043 0.498043 0.636008 0.636008
0 0.601761 0.601761 0.479452 0.479452
0 0.745597 0.744618 0.156556 0.154599
0 0.716243 0.716243 0.246575 0.246575
0 0.816047 0.816047 0.046967 0.046967
0 0.456947 0.456947 0.479452 0.479452
0 0.322896 0.321918 0.050881 0.052838
0 0.345401 0.345401 0.119374 0.119374
0 0.348337 0.347358 0.223092 0.221135
0 0.408023 0.408023 0.397260 0.397260
0 0.363992 0.363992 0.367906 0.367906
0 0.439335 0.439335 0.275930 0.275930
0 0.455969 0.455969 0.176125 0.176125
0 0.621331 0.620352 0.185910 0.187867
0 0.623288 0.623288 0.181996 0.181996
0 0.517613 0.517613 0.334638 0.334638
0 0.534247 0.536204 0.336595 0.324853
0 0.404110 0.403131 0.553816 0.551859
0 0.757339 0.757339 0.379648 0.379648
0 0.725049 0.725049 0.260274 0.260274
0 0.404110 0.404110 0.491194 0.491194
