0 0.485323 0.484344 0.724070 0.726027
0 0.141879 0.140900 0.111546 0.113503
0 0.403131 0.402153 0.653620 0.655577
0 0.088063 0.088063 0.039139 0.039139
0 0.495108 0.495108 0.281800 0.281800
0 0.429550 0.429550 0.115460 0.115460
0 0.206458 0.206458 0.260274 0.260274
0 0.632094 0.633072 0.598826 0.600783
0 0.313112 0.313112 0.078278 0.078278
0 0.266145 0.265166 0.180039 0.178082
0 0.597847 0.597847 0.455969 0.455969
0 0.341487 0.342466 0.416830 0.414873
0 0.437378 0.437378 0.244618 0.244618
0 0.565558 0.564579 0.054795 0.052838
0 0.618395 0.614481 0.011742 0.003914
0 0.668297 0.667319 0.146771 0.148728
0 0.564579 0.564579 0.604697 0.604697
0 0.716243 0.716243 0.211350 0.211350
0 0.855186 0.855186 0.000000 0.000000
0 0.635029 0.635029 0.459883 0.459883
