0 0.566536 0.566536 0.718200 0.718200
0 0.725049 0.725049 0.459883 0.459883
0 0.860078 0.858121 0.088063 0.088063
0 0.773973 0.766145 0.236791 0.221135
0 0.483366 0.480431 0.841487 0.835616
0 0.603718 0.601761 0.091977 0.091977
0 0.537182 0.537182 0.279843 0.279843
0 0.768102 0.766145 0.201566 0.201566
0 0.672211 0.672211 0.099804 0.099804
0 0.497065 0.495108 0.289628 0.289628
0 0.216243 0.216243 0.150685 0.150685
0 0.337573 0.335616 0.397260 0.397260
0 0.505871 0.503914 0.710372 0.710372
0 0.266145 0.266145 0.273973 0.273973
0 0.427593 0.427593 0.013699 0.013699
0 0.259295 0.257339 0.287671 0.287671
0 0.636986 0.635029 0.518591 0.518591
0 0.508806 0.508806 0.195695 0.195695
0 0.349315 0.349315 0.119374 0.119374
0 0.560665 0.558708 0.369863 0.369863
