0 0.371820 0.371820 0.497065 0.497065
0 0.759295 0.757339 0.183953 0.183953
0 0.665362 0.663405 0.082192 0.082192
0 0.625245 0.625245 0.076321 0.076321
0 0.436399 0.436399 0.336595 0.336595
0 0.524462 0.522505 0.160470 0.160470
0 0.448141 0.447162 0.708415 0.710372
0 0.380626 0.380626 0.557730 0.557730
0 0.330724 0.328767 0.477495 0.477495
0 0.251468 0.252446 0.330724 0.336595
0 0.169276 0.167319 0.127202 0.127202
0 0.088063 0.086106 0.050881 0.050881
0 0.420744 0.420744 0.070450 0.070450
0 0.544031 0.544031 0.324853 0.324853
0 0.596869 0.596869 0.418787 0.418787
0 0.259295 0.257339 0.240705 0.240705
0 0.500000 0.498043 0.240705 0.240705
0 0.745597 0.743640 0.301370 0.301370
0 0.662427 0.662427 0.405088 0.405088
0 0.523483 0.521526 0.694716 0.694716
0 0.591977 0.588063 0.538160 0.530333
