0 0.228963 0.228963 0.242661 0.242661
0 0.589041 0.590020 0.317025 0.318982
0 0.556751 0.556751 0.463796 0.467710
0 0.444227 0.444227 0.634051 0.634051
0 0.797456 0.797456 0.048924 0.048924
0 0.605675 0.605675 0.334638 0.334638
0 0.698630 0.698630 0.125245 0.125245
0 0.531311 0.530333 0.432485 0.430528
0 0.654599 0.654599 0.585127 0.589041
0 0.329746 0.329746 0.299413 0.299413
0 0.498043 0.498043 0.111546 0.111546
0 0.677104 0.678082 0.610568 0.608611
0 0.227006 0.227984 0.379648 0.377691
0 0.390411 0.390411 0.072407 0.072407
0 0.405088 0.405088 0.140900 0.136986
0 0.606654 0.606654 0.340509 0.344423
0 0.611546 0.613503 0.299413 0.299413
