0 0.155577 0.155577 0.091977 0.091977
0 0.480431 0.480431 0.714286 0.714286
0 0.220157 0.220157 0.193738 0.197652
0 0.112524 0.112524 0.005871 0.005871
0 0.280822 0.276908 0.260274 0.268102
0 0.417808 0.417808 0.561644 0.561644
0 0.304305 0.304305 0.362035 0.362035
0 0.336595 0.336595 0.399217 0.399217
0 0.245597 0.245597 0.017613 0.017613
0 0.563601 0.563601 0.587084 0.587084
0 0.298434 0.298434 0.072407 0.072407
0 0.484344 0.484344 0.385519 0.385519
0 0.607632 0.607632 0.612524 0.612524
0 0.284736 0.284736 0.021526 0.021526
0 0.621331 0.621331 0.428571 0.428571
0 0.399217 0.399217 0.023483 0.023483
0 0.493151 0.490215 0.101761 0.107632
0 0.522505 0.522505 0.180039 0.180039
0 0.562622 0.562622 0.315068 0.315068
0 0.380626 0.380626 0.072407 0.072407
0 0.663405 0.660470 0.512720 0.518591
0 0.388454 0.388454 0.303327 0.303327
0 0.306262 0.306262 0.491194 0.491194
0 0.648728 0.648728 0.260274 0.260274
0 0.438356 0.438356 0.183953 0.183953
0 0.727984 0.727984 0.403131 0.403131
0 0.541096 0.541096 0.013699 0.013699
0 0.622309 0.621331 0.152642 0.154599
0 0.533268 0.533268 0.330724 0.330724
0 0.417808 0.417808 0.538160 0.538160
0 0.452055 0.450098 0.450098 0.446184
0 0.497065 0.497065 0.391389 0.391389
0 0.716243 0.716243 0.043053 0.043053
0 0.701566 0.696673 0.056751 0.046967
0 0.853229 0.853229 0.043053 0.043053
0 0.796477 0.796477 0.031311 0.031311
0 0.450098 0.443249 0.743640 0.729941
0 0.661448 0.661448 0.313112 0.313112
0 0.637965 0.637965 0.371820 0.371820
0 0.777886 0.777886 0.111546 0.111546
0 0.894325 0.894325 0.140900 0.140900
0 0.774951 0.773973 0.414873 0.416830
0 0.545010 0.545010 0.855186 0.855186
0 0.515656 0.515656 0.909980 0.909980
0 0.932485 0.932485 0.041096 0.041096
0 0.580235 0.580235 0.726027 0.726027
0 0.700587 0.700587 0.559687 0.559687
0 0.255382 0.254403 0.311155 0.313112
0 0.191781 0.191781 0.129159 0.129159
0 0.476517 0.476517 0.671233 0.671233
0 0.590020 0.589041 0.228963 0.230920
0 0.294521 0.286693 0.217221 0.217221
0 0.485323 0.485323 0.105675 0.105675
0 0.587084 0.587084 0.090020 0.090020
0 0.662427 0.662427 0.135029 0.135029
0 0.803327 0.803327 0.307241 0.307241
0 0.592955 0.592955 0.375734 0.375734
