0 0.467710 0.467710 0.485323 0.485323
0 0.533268 0.533268 0.624266 0.624266
0 0.392368 0.392368 0.365949 0.365949
0 0.273973 0.273973 0.105675 0.105675
0 0.132094 0.132094 0.162427 0.162427
0 0.212329 0.212329 0.060665 0.060665
0 0.655577 0.655577 0.407045 0.407045
0 0.418787 0.417808 0.070450 0.072407
0 0.616438 0.614481 0.336595 0.340509
0 0.244618 0.243640 0.395303 0.397260
0 0.357143 0.357143 0.201566 0.201566
0 0.487280 0.484344 0.066536 0.072407
0 0.534247 0.533268 0.191781 0.193738
0 0.301370 0.301370 0.309198 0.309198
0 0.754403 0.754403 0.127202 0.127202
0 0.510763 0.509785 0.305284 0.303327
0 0.690802 0.690802 0.011742 0.011742
0 0.787671 0.787671 0.221135 0.221135
0 0.471624 0.471624 0.454012 0.454012
0 0.382583 0.382583 0.643836 0.643836
0 0.622309 0.621331 0.140900 0.142857
0 0.900196 0.900196 0.035225 0.035225
0 0.854207 0.854207 0.080235 0.080235
0 0.806262 0.806262 0.176125 0.176125
0 0.614481 0.614481 0.540117 0.540117
0 0.733855 0.733855 0.309198 0.309198
0 0.515656 0.514677 0.859100 0.861057
0 0.587084 0.587084 0.720157 0.720157
