0 0.249511 0.248532 0.244618 0.246575
0 0.189824 0.188845 0.050881 0.052838
0 0.101761 0.101761 0.125245 0.125245
0 0.550881 0.549902 0.729941 0.731898
0 0.417808 0.416830 0.131115 0.133072
0 0.584149 0.583170 0.381605 0.383562
0 0.208415 0.207436 0.342466 0.340509
0 0.642857 0.642857 0.522505 0.522505
0 0.488258 0.489237 0.287671 0.289628
0 0.302348 0.302348 0.142857 0.142857
0 0.522505 0.521526 0.230920 0.228963
0 0.368885 0.368885 0.542074 0.542074
0 0.721135 0.722114 0.213307 0.215264
0 0.442270 0.442270 0.450098 0.450098
0 0.594912 0.594912 0.023483 0.023483
0 0.636008 0.635029 0.457926 0.455969
0 0.484344 0.484344 0.651663 0.651663
0 0.700587 0.701566 0.352250 0.350294
0 0.828767 0.827789 0.017613 0.019569
