0 0.314090 0.313112 0.354207 0.356164
0 0.257339 0.258317 0.244618 0.246575
0 0.187867 0.186888 0.058708 0.060665
0 0.403131 0.403131 0.512720 0.512720
0 0.498043 0.497065 0.671233 0.673190
0 0.419765 0.418787 0.064579 0.066536
0 0.276908 0.275930 0.299413 0.297456
0 0.517613 0.517613 0.213307 0.213307
0 0.364971 0.363992 0.076321 0.074364
0 0.579256 0.578278 0.277886 0.279843
0 0.649706 0.648728 0.481409 0.483366
0 0.458904 0.459883 0.432485 0.430528
0 0.370841 0.371820 0.534247 0.532290
0 0.514677 0.513699 0.328767 0.326810
0 0.775930 0.774951 0.189824 0.187867
0 0.540117 0.539139 0.724070 0.722114
0 0.484344 0.485323 0.855186 0.853229
0 0.704501 0.703523 0.422701 0.420744
0 0.765166 0.764188 0.301370 0.299413
0 0.945205 0.944227 0.031311 0.029354
0 0.816047 0.815068 0.180039 0.178082
0 0.107632 0.108611 0.050881 0.048924
0 0.739726 0.739726 0.152642 0.152642
