0 0.814090 0.814090 0.121331 0.121331
0 0.754403 0.752446 0.373777 0.373777
0 0.590020 0.590020 0.686888 0.686888
0 0.642857 0.642857 0.483366 0.483366
0 0.531311 0.531311 0.796477 0.796477
0 0.894325 0.894325 0.007828 0.007828
0 0.488258 0.488258 0.322896 0.322896
0 0.419765 0.419765 0.467710 0.467710
0 0.698630 0.698630 0.101761 0.101761
0 0.553816 0.553816 0.148728 0.148728
0 0.640900 0.638943 0.021526 0.021526
0 0.454012 0.454012 0.618395 0.618395
0 0.533268 0.533268 0.726027 0.726027
0 0.382583 0.382583 0.483366 0.483366
0 0.322896 0.321918 0.356164 0.358121
0 0.150685 0.150685 0.039139 0.039139
0 0.077299 0.077299 0.142857 0.142857
0 0.227984 0.226027 0.334638 0.334638
0 0.454012 0.454012 0.113503 0.113503
0 0.315068 0.313112 0.156556 0.156556
0 0.612524 0.610568 0.407045 0.407045
0 0.541096 0.539139 0.338552 0.338552
0 0.393346 0.393346 0.007828 0.007828
