0 0.410959 0.409980 0.743640 0.745597
0 0.345401 0.344423 0.624266 0.622309
0 0.082192 0.082192 0.062622 0.062622
0 0.230920 0.230920 0.340509 0.340509
0 0.275930 0.274951 0.418787 0.420744
0 0.147750 0.147750 0.197652 0.197652
0 0.406067 0.405088 0.279843 0.277886
0 0.449119 0.449119 0.405088 0.405088
0 0.270059 0.270059 0.023483 0.023483
0 0.518591 0.517613 0.454012 0.455969
0 0.354207 0.353229 0.168297 0.166341
0 0.339530 0.339530 0.260274 0.260274
0 0.469667 0.469667 0.019569 0.019569
0 0.415851 0.415851 0.095890 0.095890
0 0.688845 0.688845 0.391389 0.391389
0 0.595890 0.595890 0.178082 0.178082
0 0.559687 0.559687 0.090020 0.090020
0 0.289628 0.288650 0.379648 0.381605
0 0.424658 0.423679 0.551859 0.549902
0 0.382583 0.381605 0.722114 0.724070
0 0.609589 0.609589 0.174168 0.174168
0 0.755382 0.755382 0.046967 0.046967
0 0.562622 0.562622 0.350294 0.350294
0 0.671233 0.671233 0.097847 0.097847
0 0.624266 0.623288 0.704501 0.702544
0 0.724070 0.723092 0.461840 0.459883
0 0.675147 0.674168 0.512720 0.510763
0 0.550881 0.549902 0.816047 0.818004
0 0.782779 0.782779 0.262231 0.262231
0 0.492172 0.492172 0.960861 0.960861
0 0.510763 0.506849 0.450098 0.442270
0 0.795499 0.795499 0.166341 0.166341
0 0.857143 0.857143 0.164384 0.164384
