0 0.273973 0.271037 0.160470 0.166341
0 0.122309 0.122309 0.131115 0.131115
0 0.387476 0.387476 0.324853 0.324853
0 0.446184 0.446184 0.469667 0.469667
0 0.524462 0.524462 0.602740 0.602740
0 0.422701 0.422701 0.363992 0.363992
0 0.178082 0.178082 0.324853 0.324853
0 0.245597 0.244618 0.115460 0.113503
0 0.370841 0.370841 0.068493 0.068493
0 0.331703 0.331703 0.021526 0.021526
0 0.539139 0.538160 0.393346 0.395303
0 0.451076 0.451076 0.197652 0.197652
0 0.621331 0.621331 0.538160 0.538160
0 0.308219 0.308219 0.334638 0.334638
0 0.590998 0.590998 0.183953 0.183953
0 0.500978 0.500978 0.003914 0.003914
0 0.387476 0.387476 0.203523 0.203523
0 0.268102 0.268102 0.418787 0.418787
0 0.525440 0.524462 0.064579 0.066536
0 0.343444 0.343444 0.256360 0.256360
0 0.550881 0.549902 0.150685 0.148728
0 0.696673 0.696673 0.379648 0.379648
0 0.663405 0.663405 0.313112 0.313112
0 0.632094 0.632094 0.273973 0.273973
0 0.691781 0.691781 0.142857 0.142857
0 0.506849 0.505871 0.227006 0.225049
0 0.585127 0.585127 0.054795 0.054795
0 0.436399 0.436399 0.360078 0.360078
0 0.611546 0.611546 0.021526 0.021526
0 0.556751 0.556751 0.158513 0.158513
0 0.747554 0.746575 0.262231 0.264188
0 0.395303 0.395303 0.724070 0.724070
0 0.410959 0.410959 0.430528 0.430528
0 0.652642 0.652642 0.181996 0.181996
0 0.487280 0.487280 0.528376 0.528376
0 0.764188 0.763209 0.052838 0.050881
0 0.589041 0.589041 0.363992 0.363992
0 0.437378 0.437378 0.612524 0.612524
0 0.546967 0.545988 0.389432 0.387476
0 0.682975 0.682975 0.136986 0.136986
0 0.627202 0.627202 0.272016 0.272016
0 0.480431 0.480431 0.518591 0.518591
0 0.534247 0.532290 0.692759 0.688845
0 0.801370 0.801370 0.185910 0.185910
0 0.451076 0.451076 0.866928 0.866928
0 0.497065 0.496086 0.814090 0.812133
0 0.602740 0.601761 0.544031 0.542074
0 0.743640 0.743640 0.285714 0.285714
0 0.779843 0.779843 0.209393 0.209393
0 0.878669 0.878669 0.007828 0.007828
0 0.649706 0.648728 0.524462 0.526419
0 0.583170 0.581213 0.418787 0.414873
0 0.314090 0.313112 0.068493 0.066536
0 0.329746 0.329746 0.569472 0.569472
0 0.664384 0.663405 0.064579 0.066536
0 0.686888 0.686888 0.168297 0.168297
