0 0.171233 0.170254 0.228963 0.230920
0 0.413894 0.414873 0.663405 0.665362
0 0.130137 0.130137 0.088063 0.088063
0 0.349315 0.348337 0.514677 0.516634
0 0.201566 0.201566 0.250489 0.250489
0 0.487280 0.486301 0.277886 0.279843
0 0.427593 0.426614 0.150685 0.152642
0 0.289628 0.289628 0.074364 0.074364
0 0.592955 0.591977 0.497065 0.499022
0 0.350294 0.349315 0.031311 0.029354
0 0.681018 0.680039 0.187867 0.189824
0 0.354207 0.353229 0.438356 0.436399
0 0.413894 0.413894 0.330724 0.330724
0 0.753425 0.752446 0.309198 0.311155
0 0.474560 0.474560 0.225049 0.225049
0 0.474560 0.474560 0.702544 0.702544
0 0.849315 0.849315 0.027397 0.027397
0 0.606654 0.606654 0.410959 0.410959
0 0.561644 0.562622 0.575342 0.573386
0 0.777886 0.776908 0.162427 0.160470
0 0.698630 0.698630 0.258317 0.258317
