0 0.185910 0.185910 0.015656 0.015656
0 0.198630 0.198630 0.111546 0.107632
0 0.478474 0.476517 0.636008 0.636008
0 0.420744 0.422701 0.755382 0.755382
0 0.426614 0.425636 0.771037 0.772994
0 0.419765 0.421722 0.761252 0.761252
0 0.592955 0.593933 0.379648 0.377691
0 0.304305 0.305284 0.275930 0.273973
0 0.578278 0.578278 0.307241 0.307241
0 0.487280 0.487280 0.003914 0.003914
0 0.200587 0.203523 0.123288 0.129159
0 0.318982 0.318004 0.379648 0.381605
0 0.384540 0.384540 0.502935 0.502935
0 0.744618 0.736791 0.076321 0.048924
0 0.736791 0.744618 0.048924 0.076321
