0 0.025440 0.024462 0.023483 0.025440
0 0.360078 0.359100 0.669276 0.671233
0 0.478474 0.477495 0.906067 0.908023
0 0.390411 0.389432 0.291585 0.289628
0 0.586106 0.586106 0.682975 0.682975
0 0.217221 0.216243 0.046967 0.045010
0 0.246575 0.245597 0.000000 0.001957
0 0.159491 0.159491 0.146771 0.146771
0 0.254403 0.253425 0.015656 0.013699
0 0.478474 0.477495 0.448141 0.446184
0 0.355186 0.354207 0.248532 0.246575
0 0.535225 0.535225 0.577299 0.577299
0 0.472603 0.471624 0.017613 0.015656
0 0.308219 0.307241 0.315068 0.317025
0 0.581213 0.581213 0.266145 0.266145
0 0.425636 0.425636 0.080235 0.080235
0 0.238748 0.238748 0.461840 0.461840
0 0.355186 0.355186 0.209393 0.209393
0 0.742661 0.741683 0.095890 0.093933
0 0.613503 0.613503 0.150685 0.150685
0 0.686888 0.686888 0.019569 0.019569
0 0.488258 0.488258 0.409002 0.409002
0 0.808219 0.807241 0.230920 0.228963
0 0.551859 0.550881 0.242661 0.240705
0 0.385519 0.384540 0.634051 0.636008
0 0.937378 0.936399 0.046967 0.045010
0 0.846380 0.845401 0.138943 0.136986
0 0.488258 0.488258 0.870841 0.870841
0 0.544031 0.544031 0.774951 0.774951
0 0.653620 0.653620 0.536204 0.536204
0 0.785714 0.784736 0.256360 0.258317
0 0.599804 0.599804 0.628180 0.628180
0 0.747554 0.747554 0.391389 0.391389
0 0.397260 0.396282 0.567515 0.569472
