0 0.789628 0.789628 0.287671 0.287671
0 0.656556 0.655577 0.475538 0.473581
0 0.631115 0.631115 0.318982 0.322896
0 0.636008 0.636008 0.320939 0.324853
0 0.680039 0.679061 0.283757 0.281800
0 0.467710 0.467710 0.258317 0.258317
0 0.566536 0.567515 0.072407 0.070450
0 0.606654 0.606654 0.133072 0.133072
0 0.499022 0.500000 0.352250 0.354207
0 0.200587 0.200587 0.037182 0.037182
0 0.402153 0.402153 0.205479 0.205479
0 0.291585 0.291585 0.054795 0.054795
0 0.349315 0.348337 0.185910 0.187867
0 0.442270 0.442270 0.430528 0.430528
0 0.230920 0.229941 0.172211 0.174168
