0 0.066536 0.065558 0.046967 0.045010
0 0.390411 0.391389 0.737769 0.739726
0 0.210372 0.209393 0.162427 0.164384
0 0.136008 0.135029 0.076321 0.078278
0 0.270059 0.271037 0.434442 0.436399
0 0.344423 0.345401 0.579256 0.581213
0 0.495108 0.495108 0.320939 0.320939
0 0.285714 0.284736 0.097847 0.095890
0 0.232877 0.231898 0.230920 0.228963
0 0.363014 0.362035 0.048924 0.050881
0 0.396282 0.395303 0.127202 0.129159
0 0.506849 0.505871 0.176125 0.174168
0 0.435421 0.434442 0.311155 0.309198
0 0.346380 0.346380 0.457926 0.457926
0 0.595890 0.595890 0.021526 0.021526
0 0.748532 0.748532 0.244618 0.244618
0 0.594912 0.593933 0.536204 0.534247
0 0.788650 0.788650 0.113503 0.113503
0 0.646771 0.646771 0.412916 0.412916
0 0.534247 0.533268 0.724070 0.722114
0 0.715264 0.716243 0.185910 0.183953
0 0.446184 0.447162 0.798434 0.796477
