0 0.473581 0.473581 0.778865 0.778865
0 0.359100 0.359100 0.573386 0.573386
0 0.116438 0.115460 0.068493 0.070450
0 0.281800 0.281800 0.391389 0.391389
0 0.161448 0.161448 0.170254 0.170254
0 0.234834 0.233855 0.273973 0.272016
0 0.620352 0.620352 0.614481 0.614481
0 0.582192 0.581213 0.510763 0.493151
0 0.227006 0.227006 0.136986 0.136986
0 0.313112 0.311155 0.007828 0.003914
0 0.419765 0.419765 0.232877 0.232877
0 0.192759 0.191781 0.287671 0.285714
0 0.360078 0.360078 0.019569 0.019569
0 0.404110 0.403131 0.268102 0.270059
0 0.500000 0.500000 0.076321 0.076321
0 0.690802 0.690802 0.363992 0.363992
0 0.430528 0.430528 0.180039 0.180039
0 0.291585 0.291585 0.500978 0.500978
0 0.487280 0.487280 0.563601 0.563601
0 0.630137 0.629159 0.301370 0.303327
0 0.791585 0.791585 0.052838 0.052838
0 0.426614 0.425636 0.720157 0.722114
0 0.861057 0.860078 0.160470 0.162427
0 0.665362 0.665362 0.172211 0.172211
0 0.537182 0.536204 0.514677 0.512720
0 0.531311 0.530333 0.041096 0.043053
0 0.641879 0.641879 0.242661 0.242661
