0 0.251468 0.250489 0.150685 0.152642
0 0.445205 0.445205 0.573386 0.573386
0 0.303327 0.303327 0.273973 0.273973
0 0.190802 0.189824 0.037182 0.035225
0 0.371820 0.372798 0.500978 0.502935
0 0.380626 0.380626 0.088063 0.088063
0 0.488258 0.487280 0.119374 0.121331
0 0.282779 0.281800 0.178082 0.176125
0 0.619374 0.619374 0.381605 0.381605
0 0.207436 0.208415 0.301370 0.299413
0 0.388454 0.389432 0.526419 0.524462
0 0.727984 0.728963 0.160470 0.162427
0 0.351272 0.351272 0.616438 0.616438
0 0.607632 0.606654 0.127202 0.125245
0 0.429550 0.430528 0.350294 0.348337
0 0.662427 0.663405 0.095890 0.097847
0 0.455969 0.456947 0.825832 0.823875
0 0.627202 0.627202 0.483366 0.483366
0 0.533268 0.532290 0.647750 0.645793
0 0.719178 0.719178 0.354207 0.354207
0 0.921722 0.920744 0.027397 0.029354
0 0.536204 0.534247 0.223092 0.223092
0 0.102740 0.103718 0.111546 0.109589
0 0.511742 0.509785 0.244618 0.244618
