0 0.490215 0.490215 0.882583 0.882583
0 0.860078 0.860078 0.127202 0.131115
0 0.650685 0.649706 0.459883 0.457926
0 0.470646 0.469667 0.679061 0.677104
0 0.761252 0.761252 0.195695 0.195695
0 0.843444 0.843444 0.125245 0.125245
0 0.477495 0.477495 0.199609 0.199609
0 0.637965 0.614481 0.054795 0.019569
0 0.297456 0.298434 0.504892 0.502935
0 0.368885 0.368885 0.358121 0.358121
0 0.319961 0.319961 0.135029 0.135029
0 0.115460 0.116438 0.199609 0.197652
0 0.418787 0.417808 0.461840 0.463796
0 0.534247 0.534247 0.497065 0.497065
0 0.230920 0.231898 0.140900 0.138943
