0 0.318004 0.318004 0.315068 0.315068
0 0.468689 0.469667 0.604697 0.606654
0 0.243640 0.242661 0.197652 0.199609
0 0.367906 0.368885 0.457926 0.459883
0 0.198630 0.199609 0.001957 0.000000
0 0.318004 0.318004 0.240705 0.240705
0 0.500000 0.500978 0.154599 0.156556
0 0.447162 0.446184 0.428571 0.426614
0 0.790607 0.789628 0.246575 0.248532
0 0.712329 0.712329 0.172211 0.172211
0 0.554795 0.552838 0.174168 0.174168
0 0.636986 0.636986 0.072407 0.072407
0 0.890411 0.889432 0.031311 0.029354
0 0.601761 0.601761 0.569472 0.569472
0 0.771037 0.771037 0.297456 0.297456
0 0.801370 0.802348 0.115460 0.113503
0 0.534247 0.534247 0.708415 0.708415
0 0.409002 0.408023 0.493151 0.491194
