0 0.131115 0.131115 0.015656 0.015656
0 0.505871 0.505871 0.659491 0.659491
0 0.263209 0.263209 0.275930 0.275930
0 0.218200 0.219178 0.111546 0.113503
0 0.434442 0.433464 0.524462 0.526419
0 0.355186 0.355186 0.428571 0.428571
0 0.409980 0.410959 0.005871 0.007828
0 0.552838 0.552838 0.291585 0.291585
0 0.370841 0.369863 0.158513 0.156556
0 0.285714 0.285714 0.223092 0.223092
0 0.672211 0.670254 0.005871 0.009785
0 0.794521 0.794521 0.281800 0.281800
0 0.342466 0.341487 0.598826 0.596869
0 0.391389 0.390411 0.446184 0.444227
0 0.569472 0.569472 0.136986 0.136986
0 0.466732 0.466732 0.311155 0.311155
0 0.647750 0.647750 0.508806 0.508806
0 0.520548 0.520548 0.786693 0.786693
0 0.756360 0.755382 0.318982 0.317025
0 0.552838 0.551859 0.675147 0.673190
0 0.268102 0.267123 0.371820 0.369863
