0 0.435421 0.436399 0.589041 0.590998
0 0.372798 0.371820 0.436399 0.438356
0 0.510763 0.510763 0.645793 0.645793
0 0.402153 0.401174 0.013699 0.015656
0 0.635029 0.635029 0.499022 0.499022
0 0.537182 0.536204 0.299413 0.301370
0 0.327789 0.326810 0.072407 0.070450
0 0.242661 0.239726 0.246575 0.240705
0 0.577299 0.577299 0.422701 0.422701
0 0.388454 0.387476 0.487280 0.485323
0 0.439335 0.439335 0.393346 0.393346
0 0.634051 0.633072 0.031311 0.029354
0 0.586106 0.586106 0.115460 0.115460
0 0.474560 0.474560 0.757339 0.757339
0 0.871820 0.870841 0.017613 0.015656
0 0.799413 0.799413 0.138943 0.138943
0 0.593933 0.592955 0.557730 0.555773
0 0.690802 0.689824 0.399217 0.397260
0 0.667319 0.668297 0.164384 0.166341
0 0.272994 0.269080 0.318982 0.315068
