0 0.229941 0.229941 0.060665 0.060665
0 0.254403 0.254403 0.121331 0.121331
0 0.472603 0.472603 0.632094 0.632094
0 0.297456 0.297456 0.207436 0.207436
0 0.119374 0.118395 0.152642 0.150685
0 0.482387 0.482387 0.283757 0.283757
0 0.544031 0.544031 0.430528 0.430528
0 0.202544 0.202544 0.201566 0.201566
0 0.326810 0.326810 0.019569 0.019569
0 0.423679 0.423679 0.150685 0.150685
0 0.421722 0.421722 0.232877 0.232877
0 0.278865 0.278865 0.091977 0.091977
0 0.199609 0.199609 0.305284 0.305284
0 0.505871 0.504892 0.373777 0.375734
0 0.328767 0.328767 0.289628 0.289628
0 0.459883 0.456947 0.031311 0.037182
0 0.689824 0.688845 0.471624 0.473581
0 0.503914 0.503914 0.088063 0.088063
0 0.251468 0.251468 0.428571 0.428571
0 0.418787 0.417808 0.093933 0.091977
0 0.443249 0.443249 0.037182 0.037182
0 0.372798 0.371820 0.189824 0.187867
0 0.540117 0.540117 0.203523 0.203523
0 0.664384 0.662427 0.127202 0.131115
0 0.412916 0.412916 0.360078 0.360078
0 0.560665 0.560665 0.131115 0.131115
0 0.471624 0.471624 0.254403 0.254403
0 0.680039 0.679061 0.185910 0.183953
0 0.503914 0.503914 0.178082 0.178082
0 0.609589 0.609589 0.041096 0.041096
0 0.737769 0.737769 0.262231 0.262231
0 0.318004 0.318004 0.589041 0.589041
0 0.778865 0.778865 0.317025 0.317025
0 0.484344 0.483366 0.483366 0.481409
0 0.572407 0.572407 0.346380 0.346380
0 0.679061 0.679061 0.113503 0.113503
0 0.653620 0.653620 0.211350 0.211350
0 0.795499 0.794521 0.150685 0.148728
0 0.457926 0.457926 0.555773 0.555773
0 0.415851 0.415851 0.636008 0.636008
0 0.829746 0.829746 0.203523 0.203523
0 0.760274 0.760274 0.029354 0.029354
0 0.721135 0.721135 0.260274 0.260274
0 0.631115 0.631115 0.365949 0.365949
0 0.893346 0.893346 0.005871 0.005871
0 0.441292 0.440313 0.859100 0.857143
0 0.504892 0.504892 0.802348 0.802348
0 0.596869 0.596869 0.579256 0.579256
0 0.853229 0.851272 0.023483 0.019569
0 0.548924 0.548924 0.628180 0.628180
0 0.763209 0.762231 0.203523 0.205479
0 0.816047 0.816047 0.140900 0.140900
0 0.867906 0.867906 0.056751 0.056751
0 0.451076 0.451076 0.522505 0.522505
0 0.415851 0.415851 0.432485 0.432485
0 0.385519 0.385519 0.720157 0.720157
0 0.689824 0.689824 0.318982 0.318982
