0 0.344423 0.343444 0.626223 0.624266
0 0.479452 0.478474 0.884540 0.882583
0 0.144814 0.144814 0.207436 0.207436
0 0.144814 0.143836 0.172211 0.174168
0 0.475538 0.475538 0.469667 0.469667
0 0.275930 0.275930 0.082192 0.082192
0 0.203523 0.203523 0.046967 0.046967
0 0.336595 0.335616 0.191781 0.189824
0 0.438356 0.437378 0.309198 0.307241
0 0.526419 0.525440 0.602740 0.604697
0 0.509785 0.509785 0.123288 0.123288
0 0.692759 0.692759 0.446184 0.446184
0 0.244618 0.244618 0.481409 0.481409
0 0.334638 0.334638 0.305284 0.305284
0 0.454990 0.454990 0.021526 0.021526
0 0.648728 0.648728 0.272016 0.272016
0 0.686888 0.686888 0.031311 0.031311
0 0.373777 0.372798 0.665362 0.667319
0 0.440313 0.439335 0.473581 0.471624
0 0.595890 0.594912 0.275930 0.277886
0 0.623288 0.623288 0.107632 0.107632
0 0.819961 0.819961 0.219178 0.219178
0 0.885519 0.885519 0.080235 0.080235
0 0.744618 0.744618 0.338552 0.338552
0 0.626223 0.626223 0.598826 0.598826
0 0.484344 0.484344 0.866928 0.866928
