0 0.070450 0.069472 0.039139 0.037182
0 0.446184 0.446184 0.700587 0.700587
0 0.243640 0.243640 0.264188 0.264188
0 0.355186 0.355186 0.479452 0.479452
0 0.473581 0.472603 0.774951 0.776908
0 0.320939 0.320939 0.371820 0.371820
0 0.154599 0.155577 0.285714 0.283757
0 0.454990 0.454990 0.197652 0.197652
0 0.247554 0.245597 0.264188 0.260274
0 0.552838 0.552838 0.455969 0.455969
0 0.545010 0.543053 0.311155 0.315068
0 0.283757 0.284736 0.093933 0.091977
0 0.516634 0.515656 0.168297 0.166341
0 0.612524 0.611546 0.082192 0.084149
0 0.700587 0.698630 0.148728 0.152642
0 0.365949 0.366928 0.563601 0.561644
0 0.448141 0.448141 0.328767 0.328767
0 0.519569 0.519569 0.682975 0.682975
0 0.620352 0.620352 0.489237 0.489237
0 0.743640 0.744618 0.195695 0.193738
0 0.827789 0.826810 0.066536 0.064579
0 0.444227 0.444227 0.763209 0.763209
0 0.720157 0.719178 0.352250 0.350294
0 0.430528 0.430528 0.097847 0.097847
