0 0.420744 0.421722 0.700587 0.702544
0 0.489237 0.490215 0.837573 0.839530
0 0.076321 0.076321 0.011742 0.011742
0 0.225049 0.226027 0.254403 0.256360
0 0.305284 0.301370 0.352250 0.360078
0 0.173190 0.173190 0.166341 0.166341
0 0.628180 0.627202 0.602740 0.604697
0 0.463796 0.462818 0.242661 0.244618
0 0.291585 0.290607 0.093933 0.091977
0 0.552838 0.551859 0.432485 0.434442
0 0.250489 0.249511 0.238748 0.236791
0 0.549902 0.548924 0.043053 0.041096
0 0.618395 0.617417 0.074364 0.076321
0 0.377691 0.377691 0.481409 0.481409
0 0.417808 0.416830 0.338552 0.336595
0 0.481409 0.480431 0.227006 0.225049
0 0.693738 0.694716 0.181996 0.183953
0 0.690802 0.691781 0.254403 0.252446
0 0.830724 0.829746 0.076321 0.074364
0 0.475538 0.474560 0.735812 0.733855
0 0.671233 0.670254 0.356164 0.354207
0 0.570450 0.571429 0.585127 0.583170
0 0.902153 0.902153 0.058708 0.058708
0 0.372798 0.371820 0.060665 0.062622
