0 0.335616 0.334638 0.358121 0.360078
0 0.130137 0.130137 0.150685 0.150685
0 0.188845 0.187867 0.041096 0.043053
0 0.440313 0.439335 0.528376 0.530333
0 0.365949 0.364971 0.176125 0.174168
0 0.529354 0.528376 0.146771 0.148728
0 0.260274 0.261252 0.309198 0.307241
0 0.648728 0.649706 0.499022 0.500978
0 0.467710 0.466732 0.082192 0.084149
0 0.599804 0.598826 0.103718 0.101761
0 0.360078 0.361057 0.665362 0.663405
0 0.835616 0.834638 0.183953 0.185910
0 0.706458 0.705479 0.070450 0.072407
0 0.459883 0.458904 0.497065 0.495108
0 0.649706 0.648728 0.614481 0.612524
0 0.578278 0.577299 0.690802 0.688845
0 0.809198 0.808219 0.240705 0.238748
0 0.476517 0.477495 0.890411 0.888454
