0 0.429550 0.428571 0.804305 0.806262
0 0.361057 0.360078 0.506849 0.508806
0 0.121331 0.120352 0.086106 0.088063
0 0.219178 0.218200 0.313112 0.315068
0 0.304305 0.303327 0.452055 0.454012
0 0.606654 0.605675 0.473581 0.475538
0 0.504892 0.503914 0.344423 0.346380
0 0.263209 0.262231 0.099804 0.097847
0 0.423679 0.424658 0.213307 0.215264
0 0.374755 0.374755 0.013699 0.013699
0 0.188845 0.189824 0.311155 0.309198
0 0.545988 0.545010 0.070450 0.068493
0 0.654599 0.653620 0.095890 0.097847
0 0.404110 0.405088 0.409002 0.407045
0 0.496086 0.495108 0.201566 0.199609
0 0.689824 0.688845 0.181996 0.183953
0 0.331703 0.329746 0.495108 0.491194
0 0.492172 0.493151 0.663405 0.661448
0 0.751468 0.752446 0.101761 0.099804
0 0.565558 0.565558 0.504892 0.504892
0 0.840509 0.841487 0.013699 0.015656
0 0.694716 0.693738 0.281800 0.279843
