0 0.483366 0.481409 0.892368 0.892368
0 0.528376 0.528376 0.739726 0.739726
0 0.596869 0.596869 0.567515 0.567515
0 0.654599 0.654599 0.436399 0.436399
0 0.739726 0.737769 0.254403 0.254403
0 0.827789 0.827789 0.109589 0.109589
0 0.903131 0.903131 0.005871 0.005871
0 0.594912 0.594912 0.152642 0.152642
0 0.418787 0.416830 0.430528 0.430528
0 0.360078 0.360078 0.583170 0.583170
0 0.506849 0.506849 0.293542 0.293542
0 0.668297 0.668297 0.017613 0.017613
0 0.701566 0.701566 0.131115 0.131115
0 0.172211 0.170254 0.097847 0.097847
0 0.232877 0.232877 0.199609 0.199609
0 0.373777 0.371820 0.457926 0.457926
0 0.454012 0.454012 0.637965 0.637965
0 0.537182 0.535225 0.804305 0.804305
0 0.190802 0.190802 0.338552 0.338552
0 0.328767 0.326810 0.117417 0.117417
0 0.425636 0.425636 0.084149 0.084149
