0 0.262231 0.262231 0.493151 0.493151
0 0.409002 0.409002 0.755382 0.755382
0 0.224070 0.224070 0.146771 0.146771
0 0.259295 0.259295 0.232877 0.232877
0 0.189824 0.189824 0.093933 0.093933
0 0.125245 0.124266 0.019569 0.017613
0 0.095890 0.095890 0.105675 0.105675
0 0.351272 0.351272 0.377691 0.377691
0 0.408023 0.407045 0.518591 0.520548
0 0.497065 0.497065 0.669276 0.669276
0 0.304305 0.303327 0.048924 0.046967
0 0.512720 0.511742 0.446184 0.448141
0 0.596869 0.594912 0.571429 0.575342
0 0.383562 0.382583 0.215264 0.217221
0 0.163405 0.163405 0.264188 0.264188
0 0.244618 0.244618 0.082192 0.082192
0 0.201566 0.199609 0.164384 0.160470
0 0.342466 0.342466 0.117417 0.117417
0 0.583170 0.583170 0.340509 0.340509
0 0.398239 0.397260 0.009785 0.007828
0 0.271037 0.271037 0.311155 0.311155
0 0.313112 0.313112 0.215264 0.215264
0 0.375734 0.375734 0.113503 0.113503
0 0.521526 0.519569 0.205479 0.209393
0 0.665362 0.665362 0.438356 0.438356
0 0.227984 0.227984 0.393346 0.393346
0 0.626223 0.626223 0.387476 0.387476
0 0.667319 0.667319 0.203523 0.203523
0 0.409980 0.409980 0.256360 0.256360
0 0.515656 0.514677 0.088063 0.086106
0 0.343444 0.342466 0.420744 0.422701
0 0.310176 0.309198 0.467710 0.469667
0 0.581213 0.581213 0.062622 0.062622
0 0.381605 0.381605 0.363992 0.363992
0 0.390411 0.390411 0.643836 0.643836
0 0.681996 0.681996 0.005871 0.005871
0 0.738748 0.738748 0.095890 0.095890
0 0.420744 0.420744 0.544031 0.544031
0 0.813112 0.813112 0.232877 0.232877
0 0.429550 0.427593 0.823875 0.819961
0 0.574364 0.574364 0.534247 0.534247
0 0.649706 0.649706 0.387476 0.387476
0 0.819961 0.819961 0.023483 0.023483
0 0.515656 0.515656 0.831703 0.831703
0 0.635029 0.635029 0.663405 0.663405
0 0.732877 0.732877 0.448141 0.448141
0 0.842466 0.842466 0.248532 0.248532
0 0.779843 0.779843 0.385519 0.385519
0 0.805284 0.805284 0.318982 0.318982
0 0.670254 0.669276 0.620352 0.618395
0 0.550881 0.546967 0.240705 0.248532
0 0.687867 0.683953 0.287671 0.295499
